MODEL        1
minimum length of a string : 6

maxlen : 3
118 119 120 

for length : 4 

MODEL        2
minimum length of a string : 6
10 11 12 13 14 15 16 
36 37 38 39 40 41 42 43 44 45 46 
67 68 69 70 71 72 73 74 75 76 
96 97 98 99 100 101 102 103 104 105 106 107 108 109 110 111 112 113 114 115 
118 119 120 121 122 123 124 125 126 127 

maxlen : 20
96 97 98 99 100 101 102 103 104 105 106 107 108 109 110 111 112 113 114 115 

for length : 4 
2 3 4 5 

MODEL        3
minimum length of a string : 6
15 16 17 18 19 20 21 22 23 24 
106 107 108 109 110 111 112 113 114 

maxlen : 10
15 16 17 18 19 20 21 22 23 24 

for length : 4 
56 57 58 59 
72 73 74 75 
82 83 84 85 

MODEL        4
minimum length of a string : 6
20 21 22 23 24 25 26 27 28 29 
53 54 55 56 57 58 59 
103 104 105 106 107 108 109 110 111 112 

maxlen : 10
20 21 22 23 24 25 26 27 28 29 
103 104 105 106 107 108 109 110 111 112 

for length : 4 
7 8 9 10 
14 15 16 17 
73 74 75 76 

MODEL        5
minimum length of a string : 6
31 32 33 34 35 36 37 38 39 40 41 42 43 44 45 46 47 48 49 50 51 52 
68 69 70 71 72 73 74 
103 104 105 106 107 108 109 110 111 112 113 

maxlen : 22
31 32 33 34 35 36 37 38 39 40 41 42 43 44 45 46 47 48 49 50 51 52 

for length : 4 
98 99 100 101 
119 120 121 122 

MODEL        6
minimum length of a string : 6
7 8 9 10 11 12 13 14 15 16 17 
20 21 22 23 24 25 26 27 28 29 
38 39 40 41 42 43 44 45 46 47 48 
103 104 105 106 107 108 109 110 111 112 113 114 115 
118 119 120 121 122 123 124 125 126 

maxlen : 13
103 104 105 106 107 108 109 110 111 112 113 114 115 

for length : 4 
69 70 71 72 
82 83 84 85 

MODEL        7
minimum length of a string : 6
12 13 14 15 16 17 18 
35 36 37 38 39 40 41 42 
117 118 119 120 121 122 123 124 125 126 

maxlen : 10
117 118 119 120 121 122 123 124 125 126 

for length : 4 
2 3 4 5 
7 8 9 10 
45 46 47 48 
104 105 106 107 
109 110 111 112 

MODEL        8
minimum length of a string : 6
10 11 12 13 14 15 16 17 18 19 20 21 22 
96 97 98 99 100 101 102 103 104 105 106 107 108 109 110 

maxlen : 15
96 97 98 99 100 101 102 103 104 105 106 107 108 109 110 

for length : 4 
2 3 4 5 
50 51 52 53 
122 123 124 125 

MODEL        9
minimum length of a string : 6
9 10 11 12 13 14 15 16 
105 106 107 108 109 110 111 112 113 114 115 

maxlen : 11
105 106 107 108 109 110 111 112 113 114 115 

for length : 4 
20 21 22 23 
123 124 125 126 

MODEL       10
minimum length of a string : 6
19 20 21 22 23 24 25 26 27 
106 107 108 109 110 111 112 113 114 115 

maxlen : 10
106 107 108 109 110 111 112 113 114 115 

for length : 4 
8 9 10 11 
31 32 33 34 

MODEL       11
minimum length of a string : 6
9 10 11 12 13 14 15 16 
19 20 21 22 23 24 25 
42 43 44 45 46 47 48 49 50 51 52 
55 56 57 58 59 60 61 62 63 64 
97 98 99 100 101 102 103 104 105 106 107 108 109 110 

maxlen : 14
97 98 99 100 101 102 103 104 105 106 107 108 109 110 

for length : 4 

MODEL       12
minimum length of a string : 6
9 10 11 12 13 14 15 16 17 18 19 20 21 22 23 
57 58 59 60 61 62 63 
106 107 108 109 110 111 112 113 114 

maxlen : 15
9 10 11 12 13 14 15 16 17 18 19 20 21 22 23 

for length : 4 
25 26 27 28 
69 70 71 72 

MODEL       13
minimum length of a string : 6
8 9 10 11 12 13 14 15 16 17 
37 38 39 40 41 42 43 44 45 46 47 
54 55 56 57 58 59 60 61 62 63 64 
117 118 119 120 121 122 123 124 125 126 127 

maxlen : 11
37 38 39 40 41 42 43 44 45 46 47 
54 55 56 57 58 59 60 61 62 63 64 
117 118 119 120 121 122 123 124 125 126 127 

for length : 4 
49 50 51 52 
88 89 90 91 

MODEL       14
minimum length of a string : 6
56 57 58 59 60 61 62 63 64 
103 104 105 106 107 108 109 110 

maxlen : 9
56 57 58 59 60 61 62 63 64 

for length : 4 
2 3 4 5 
71 72 73 74 
98 99 100 101 

MODEL       15
minimum length of a string : 6
10 11 12 13 14 15 16 
19 20 21 22 23 24 25 26 27 28 29 
121 122 123 124 125 126 127 

maxlen : 11
19 20 21 22 23 24 25 26 27 28 29 

for length : 4 
37 38 39 40 
103 104 105 106 
109 110 111 112 

MODEL       16
minimum length of a string : 6
9 10 11 12 13 14 15 16 
19 20 21 22 23 24 25 26 27 28 29 
54 55 56 57 58 59 60 61 62 
99 100 101 102 103 104 105 106 107 

maxlen : 11
19 20 21 22 23 24 25 26 27 28 29 

for length : 4 
73 74 75 76 

MODEL       17
minimum length of a string : 6
19 20 21 22 23 24 25 26 

maxlen : 8
19 20 21 22 23 24 25 26 

for length : 4 
7 8 9 10 
12 13 14 15 
40 41 42 43 
45 46 47 48 

MODEL       18
minimum length of a string : 6
19 20 21 22 23 24 25 
38 39 40 41 42 43 44 45 46 47 48 

maxlen : 11
38 39 40 41 42 43 44 45 46 47 48 

for length : 4 
2 3 4 5 
11 12 13 14 
103 104 105 106 

MODEL       19
minimum length of a string : 6
8 9 10 11 12 13 14 15 16 17 
117 118 119 120 121 122 123 124 125 126 127 

maxlen : 11
117 118 119 120 121 122 123 124 125 126 127 

for length : 4 
2 3 4 5 

MODEL       20
minimum length of a string : 6
14 15 16 17 18 19 20 
22 23 24 25 26 27 28 29 
103 104 105 106 107 108 109 110 111 112 113 

maxlen : 11
103 104 105 106 107 108 109 110 111 112 113 

for length : 4 
45 46 47 48 

MODEL       21
minimum length of a string : 6
36 37 38 39 40 41 42 43 44 
54 55 56 57 58 59 60 61 62 63 64 
119 120 121 122 123 124 125 126 

maxlen : 11
54 55 56 57 58 59 60 61 62 63 64 

for length : 4 

MODEL       22
minimum length of a string : 6
36 37 38 39 40 41 42 43 44 45 46 47 48 49 50 51 52 
54 55 56 57 58 59 60 61 
106 107 108 109 110 111 112 113 114 115 
119 120 121 122 123 124 125 126 

maxlen : 17
36 37 38 39 40 41 42 43 44 45 46 47 48 49 50 51 52 

for length : 4 
7 8 9 10 
22 23 24 25 
71 72 73 74 

MODEL       23
minimum length of a string : 6
15 16 17 18 19 20 21 
38 39 40 41 42 43 44 45 
117 118 119 120 121 122 123 124 125 126 

maxlen : 10
117 118 119 120 121 122 123 124 125 126 

for length : 4 
100 101 102 103 
105 106 107 108 

MODEL       24
minimum length of a string : 6
19 20 21 22 23 24 25 26 27 28 29 
36 37 38 39 40 41 42 43 44 45 46 47 48 
57 58 59 60 61 62 63 64 
105 106 107 108 109 110 111 112 113 114 115 
117 118 119 120 121 122 123 124 125 126 127 

maxlen : 13
36 37 38 39 40 41 42 43 44 45 46 47 48 

for length : 4 

MODEL       25
minimum length of a string : 6
18 19 20 21 22 23 24 25 26 27 28 
103 104 105 106 107 108 109 110 111 
117 118 119 120 121 122 123 124 

maxlen : 11
18 19 20 21 22 23 24 25 26 27 28 

for length : 4 
11 12 13 14 
38 39 40 41 
43 44 45 46 

MODEL       26
minimum length of a string : 6
22 23 24 25 26 27 28 29 
52 53 54 55 56 57 58 59 60 61 

maxlen : 10
52 53 54 55 56 57 58 59 60 61 

for length : 4 
2 3 4 5 
112 113 114 115 

MODEL       27
minimum length of a string : 6
23 24 25 26 27 28 29 
38 39 40 41 42 43 44 
54 55 56 57 58 59 60 61 62 63 64 
117 118 119 120 121 122 123 124 125 126 127 

maxlen : 11
54 55 56 57 58 59 60 61 62 63 64 
117 118 119 120 121 122 123 124 125 126 127 

for length : 4 
2 3 4 5 

MODEL       28
minimum length of a string : 6
9 10 11 12 13 14 15 16 17 
22 23 24 25 26 27 28 29 
39 40 41 42 43 44 45 
117 118 119 120 121 122 123 124 125 126 

maxlen : 10
117 118 119 120 121 122 123 124 125 126 

for length : 4 
2 3 4 5 
54 55 56 57 
112 113 114 115 

MODEL       29
minimum length of a string : 6
20 21 22 23 24 25 26 27 
96 97 98 99 100 101 102 103 104 105 106 107 108 109 110 111 
117 118 119 120 121 122 123 124 125 126 127 

maxlen : 16
96 97 98 99 100 101 102 103 104 105 106 107 108 109 110 111 

for length : 4 
2 3 4 5 
42 43 44 45 

MODEL       30
minimum length of a string : 6
54 55 56 57 58 59 60 61 62 63 64 
103 104 105 106 107 108 109 110 111 112 113 114 115 
117 118 119 120 121 122 123 124 125 126 

maxlen : 13
103 104 105 106 107 108 109 110 111 112 113 114 115 

for length : 4 
7 8 9 10 
23 24 25 26 
31 32 33 34 

MODEL       31
minimum length of a string : 6
41 42 43 44 45 46 47 48 
54 55 56 57 58 59 60 61 62 63 64 
70 71 72 73 74 75 76 
104 105 106 107 108 109 110 111 112 113 114 115 

maxlen : 12
104 105 106 107 108 109 110 111 112 113 114 115 

for length : 4 
82 83 84 85 

MODEL       32
minimum length of a string : 6
8 9 10 11 12 13 14 15 16 17 
20 21 22 23 24 25 26 27 28 29 
118 119 120 121 122 123 124 125 126 127 

maxlen : 10
8 9 10 11 12 13 14 15 16 17 
20 21 22 23 24 25 26 27 28 29 
118 119 120 121 122 123 124 125 126 127 

for length : 4 
31 32 33 34 
98 99 100 101 
110 111 112 113 

MODEL       33
minimum length of a string : 6
7 8 9 10 11 12 13 14 15 16 17 
19 20 21 22 23 24 25 26 27 28 29 
43 44 45 46 47 48 49 
51 52 53 54 55 56 57 58 59 60 61 62 63 64 
66 67 68 69 70 71 72 73 74 75 
103 104 105 106 107 108 109 110 111 
117 118 119 120 121 122 123 124 125 126 127 

maxlen : 14
51 52 53 54 55 56 57 58 59 60 61 62 63 64 

for length : 4 

MODEL       34
minimum length of a string : 6
11 12 13 14 15 16 17 18 19 20 21 22 23 24 25 26 27 28 29 
48 49 50 51 52 53 54 55 56 
69 70 71 72 73 74 75 76 
103 104 105 106 107 108 109 110 111 112 113 114 115 
119 120 121 122 123 124 125 126 127 

maxlen : 19
11 12 13 14 15 16 17 18 19 20 21 22 23 24 25 26 27 28 29 

for length : 4 
1 2 3 4 
83 84 85 86 
98 99 100 101 

MODEL       35
minimum length of a string : 6
7 8 9 10 11 12 13 14 15 16 17 18 19 20 21 22 23 
43 44 45 46 47 48 49 50 51 52 
54 55 56 57 58 59 60 61 62 63 
103 104 105 106 107 108 109 110 111 112 113 

maxlen : 17
7 8 9 10 11 12 13 14 15 16 17 18 19 20 21 22 23 

for length : 4 

MODEL       36
minimum length of a string : 6
20 21 22 23 24 25 26 27 28 29 
56 57 58 59 60 61 62 63 
104 105 106 107 108 109 110 
117 118 119 120 121 122 123 124 125 126 127 

maxlen : 11
117 118 119 120 121 122 123 124 125 126 127 

for length : 4 
2 3 4 5 

MODEL       37
minimum length of a string : 6
16 17 18 19 20 21 22 23 24 25 26 27 28 29 
83 84 85 86 87 88 89 
103 104 105 106 107 108 109 110 111 112 

maxlen : 14
16 17 18 19 20 21 22 23 24 25 26 27 28 29 

for length : 4 
56 57 58 59 

MODEL       38
minimum length of a string : 6
19 20 21 22 23 24 25 26 27 28 29 
103 104 105 106 107 108 109 110 111 
117 118 119 120 121 122 123 124 125 126 127 

maxlen : 11
19 20 21 22 23 24 25 26 27 28 29 
117 118 119 120 121 122 123 124 125 126 127 

for length : 4 
2 3 4 5 
14 15 16 17 
36 37 38 39 
48 49 50 51 

MODEL       39
minimum length of a string : 6
10 11 12 13 14 15 16 17 
38 39 40 41 42 43 44 45 46 47 48 
106 107 108 109 110 111 112 113 

maxlen : 11
38 39 40 41 42 43 44 45 46 47 48 

for length : 4 
57 58 59 60 

MODEL       40
minimum length of a string : 6
7 8 9 10 11 12 13 14 15 16 17 18 19 20 
53 54 55 56 57 58 59 60 61 62 63 64 
68 69 70 71 72 73 74 75 
103 104 105 106 107 108 109 

maxlen : 14
7 8 9 10 11 12 13 14 15 16 17 18 19 20 

for length : 4 
2 3 4 5 
26 27 28 29 
38 39 40 41 

MODEL       41
minimum length of a string : 6
18 19 20 21 22 23 24 25 26 27 28 29 
36 37 38 39 40 41 42 
54 55 56 57 58 59 60 61 
103 104 105 106 107 108 109 110 111 112 113 114 
117 118 119 120 121 122 123 124 

maxlen : 12
18 19 20 21 22 23 24 25 26 27 28 29 
103 104 105 106 107 108 109 110 111 112 113 114 

for length : 4 
8 9 10 11 
31 32 33 34 
72 73 74 75 

MODEL       42
minimum length of a string : 6
20 21 22 23 24 25 26 27 28 29 
117 118 119 120 121 122 123 124 125 126 127 

maxlen : 11
117 118 119 120 121 122 123 124 125 126 127 

for length : 4 
61 62 63 64 
82 83 84 85 

MODEL       43
minimum length of a string : 6
19 20 21 22 23 24 25 26 
33 34 35 36 37 38 39 40 41 42 43 44 
109 110 111 112 113 114 115 

maxlen : 12
33 34 35 36 37 38 39 40 41 42 43 44 

for length : 4 
2 3 4 5 
83 84 85 86 

MODEL       44
minimum length of a string : 6
17 18 19 20 21 22 23 24 25 26 
54 55 56 57 58 59 60 61 62 63 64 
103 104 105 106 107 108 109 110 111 
117 118 119 120 121 122 123 124 125 126 

maxlen : 11
54 55 56 57 58 59 60 61 62 63 64 

for length : 4 
1 2 3 4 
34 35 36 37 

MODEL       45
minimum length of a string : 6
20 21 22 23 24 25 26 27 28 29 
69 70 71 72 73 74 75 76 
104 105 106 107 108 109 110 
119 120 121 122 123 124 125 126 

maxlen : 10
20 21 22 23 24 25 26 27 28 29 

for length : 4 
98 99 100 101 

MODEL       46
minimum length of a string : 6
9 10 11 12 13 14 15 16 17 
19 20 21 22 23 24 25 26 27 28 
32 33 34 35 36 37 38 39 40 41 42 43 44 45 46 47 48 
58 59 60 61 62 63 64 
68 69 70 71 72 73 74 75 76 
106 107 108 109 110 111 112 

maxlen : 17
32 33 34 35 36 37 38 39 40 41 42 43 44 45 46 47 48 

for length : 4 
124 125 126 127 

MODEL       47
minimum length of a string : 6
35 36 37 38 39 40 41 42 43 44 45 
55 56 57 58 59 60 61 62 63 64 
121 122 123 124 125 126 127 

maxlen : 11
35 36 37 38 39 40 41 42 43 44 45 

for length : 4 
12 13 14 15 
18 19 20 21 

MODEL       48
minimum length of a string : 6
9 10 11 12 13 14 15 16 17 18 19 20 21 22 23 24 25 26 27 28 29 
36 37 38 39 40 41 42 43 44 45 46 
55 56 57 58 59 60 61 62 
69 70 71 72 73 74 75 76 
97 98 99 100 101 102 103 104 105 106 107 108 109 

maxlen : 21
9 10 11 12 13 14 15 16 17 18 19 20 21 22 23 24 25 26 27 28 29 

for length : 4 

MODEL       49
minimum length of a string : 6
7 8 9 10 11 12 13 14 
19 20 21 22 23 24 25 26 27 28 
31 32 33 34 35 36 37 38 39 40 41 42 43 44 45 46 47 48 
103 104 105 106 107 108 109 110 111 112 113 114 
117 118 119 120 121 122 123 124 125 126 

maxlen : 18
31 32 33 34 35 36 37 38 39 40 41 42 43 44 45 46 47 48 

for length : 4 

MODEL       50
minimum length of a string : 6
17 18 19 20 21 22 23 
33 34 35 36 37 38 39 40 41 
43 44 45 46 47 48 49 50 
104 105 106 107 108 109 110 111 112 113 114 
117 118 119 120 121 122 123 124 125 126 127 

maxlen : 11
104 105 106 107 108 109 110 111 112 113 114 
117 118 119 120 121 122 123 124 125 126 127 

for length : 4 
10 11 12 13 

MODEL       51
minimum length of a string : 6
32 33 34 35 36 37 38 39 
103 104 105 106 107 108 109 110 111 112 
119 120 121 122 123 124 125 126 127 

maxlen : 10
103 104 105 106 107 108 109 110 111 112 

for length : 4 
46 47 48 49 

MODEL       52
minimum length of a string : 6
8 9 10 11 12 13 14 15 16 17 
19 20 21 22 23 24 25 26 27 28 29 
31 32 33 34 35 36 37 38 39 40 41 42 43 44 45 46 47 48 49 50 51 52 53 54 
103 104 105 106 107 108 109 110 

maxlen : 24
31 32 33 34 35 36 37 38 39 40 41 42 43 44 45 46 47 48 49 50 51 52 53 54 

for length : 4 
2 3 4 5 
97 98 99 100 
112 113 114 115 

MODEL       53
minimum length of a string : 6
8 9 10 11 12 13 14 15 16 17 18 19 20 21 22 23 24 25 26 
34 35 36 37 38 39 40 
42 43 44 45 46 47 48 
96 97 98 99 100 101 102 103 104 105 106 107 108 109 110 111 112 113 114 115 

maxlen : 20
96 97 98 99 100 101 102 103 104 105 106 107 108 109 110 111 112 113 114 115 

for length : 4 
2 3 4 5 
84 85 86 87 

MODEL       54
minimum length of a string : 6
19 20 21 22 23 24 25 26 27 28 29 
51 52 53 54 55 56 57 58 
68 69 70 71 72 73 74 75 76 

maxlen : 11
19 20 21 22 23 24 25 26 27 28 29 

for length : 4 
9 10 11 12 

MODEL       55
minimum length of a string : 6
19 20 21 22 23 24 25 26 27 28 29 
50 51 52 53 54 55 56 57 58 59 60 61 62 63 64 
102 103 104 105 106 107 108 109 110 111 112 113 114 115 

maxlen : 15
50 51 52 53 54 55 56 57 58 59 60 61 62 63 64 

for length : 4 
2 3 4 5 
38 39 40 41 
119 120 121 122 

MODEL       56
minimum length of a string : 6
23 24 25 26 27 28 29 
31 32 33 34 35 36 37 38 39 40 41 42 43 44 45 46 47 48 49 
67 68 69 70 71 72 73 74 75 76 
102 103 104 105 106 107 108 109 110 111 
117 118 119 120 121 122 123 124 125 126 127 

maxlen : 19
31 32 33 34 35 36 37 38 39 40 41 42 43 44 45 46 47 48 49 

for length : 4 
11 12 13 14 

MODEL       57
minimum length of a string : 6
20 21 22 23 24 25 26 27 28 29 
55 56 57 58 59 60 61 62 
108 109 110 111 112 113 114 115 
117 118 119 120 121 122 123 124 125 126 

maxlen : 10
20 21 22 23 24 25 26 27 28 29 
117 118 119 120 121 122 123 124 125 126 

for length : 4 
72 73 74 75 
84 85 86 87 
97 98 99 100 

MODEL       58
minimum length of a string : 6
7 8 9 10 11 12 13 14 15 
21 22 23 24 25 26 27 28 29 
54 55 56 57 58 59 60 61 
117 118 119 120 121 122 123 124 125 

maxlen : 9
7 8 9 10 11 12 13 14 15 
21 22 23 24 25 26 27 28 29 
117 118 119 120 121 122 123 124 125 

for length : 4 
2 3 4 5 

MODEL       59
minimum length of a string : 6
19 20 21 22 23 24 25 26 27 28 29 
58 59 60 61 62 63 64 
117 118 119 120 121 122 123 124 125 126 

maxlen : 11
19 20 21 22 23 24 25 26 27 28 29 

for length : 4 
42 43 44 45 
82 83 84 85 
106 107 108 109 

MODEL       60
minimum length of a string : 6
7 8 9 10 11 12 13 14 
20 21 22 23 24 25 26 27 28 29 
70 71 72 73 74 75 76 

maxlen : 10
20 21 22 23 24 25 26 27 28 29 

for length : 4 
38 39 40 41 

MODEL       61
minimum length of a string : 6
103 104 105 106 107 108 109 110 111 

maxlen : 9
103 104 105 106 107 108 109 110 111 

for length : 4 
18 19 20 21 
31 32 33 34 
54 55 56 57 
59 60 61 62 
82 83 84 85 
98 99 100 101 

MODEL       62
minimum length of a string : 6
19 20 21 22 23 24 25 26 27 28 29 
32 33 34 35 36 37 38 39 40 41 42 43 44 45 46 47 48 49 50 51 
58 59 60 61 62 63 64 
118 119 120 121 122 123 124 125 126 127 

maxlen : 20
32 33 34 35 36 37 38 39 40 41 42 43 44 45 46 47 48 49 50 51 

for length : 4 
10 11 12 13 
98 99 100 101 

MODEL       63
minimum length of a string : 6
10 11 12 13 14 15 16 17 
34 35 36 37 38 39 40 41 42 43 
67 68 69 70 71 72 73 74 75 76 
109 110 111 112 113 114 115 

maxlen : 10
34 35 36 37 38 39 40 41 42 43 
67 68 69 70 71 72 73 74 75 76 

for length : 4 
26 27 28 29 

MODEL       64
minimum length of a string : 6
19 20 21 22 23 24 25 26 27 28 29 
35 36 37 38 39 40 41 
68 69 70 71 72 73 74 75 

maxlen : 11
19 20 21 22 23 24 25 26 27 28 29 

for length : 4 
9 10 11 12 
14 15 16 17 

