MODEL        1

for a fixed length string:
118 119 120 

MODEL        2
10 11 12 13 14 15 16 
36 37 38 39 40 41 42 43 44 45 46 
67 68 69 70 71 72 73 74 75 76 
96 97 98 99 100 101 102 103 104 105 106 107 108 109 110 111 112 113 114 115 
118 119 120 121 122 123 124 125 126 127 

for a fixed length string:
23 24 25 
31 32 33 
84 85 86 

MODEL        3
15 16 17 18 19 20 21 22 23 24 
106 107 108 109 110 111 112 113 114 

for a fixed length string:
2 3 4 
37 38 39 
61 62 63 
120 121 122 

MODEL        4
20 21 22 23 24 25 26 27 28 29 
53 54 55 56 57 58 59 
103 104 105 106 107 108 109 110 111 112 

for a fixed length string:
39 40 41 

MODEL        5
31 32 33 34 35 36 37 38 39 40 41 42 43 44 45 46 47 48 49 50 51 52 
68 69 70 71 72 73 74 
103 104 105 106 107 108 109 110 111 112 113 

for a fixed length string:
2 3 4 
7 8 9 

MODEL        6
7 8 9 10 11 12 13 14 15 16 17 
20 21 22 23 24 25 26 27 28 29 
38 39 40 41 42 43 44 45 46 47 48 
103 104 105 106 107 108 109 110 111 112 113 114 115 
118 119 120 121 122 123 124 125 126 

for a fixed length string:
2 3 4 
57 58 59 

MODEL        7
12 13 14 15 16 17 18 
35 36 37 38 39 40 41 42 
117 118 119 120 121 122 123 124 125 126 

for a fixed length string:
23 24 25 
27 28 29 
53 54 55 

MODEL        8
10 11 12 13 14 15 16 17 18 19 20 21 22 
96 97 98 99 100 101 102 103 104 105 106 107 108 109 110 

for a fixed length string:
57 58 59 
70 71 72 

MODEL        9
9 10 11 12 13 14 15 16 
105 106 107 108 109 110 111 112 113 114 115 

for a fixed length string:
55 56 57 
99 100 101 

MODEL       10
19 20 21 22 23 24 25 26 27 
106 107 108 109 110 111 112 113 114 115 

for a fixed length string:
2 3 4 
14 15 16 
55 56 57 
62 63 64 

MODEL       11
9 10 11 12 13 14 15 16 
19 20 21 22 23 24 25 
42 43 44 45 46 47 48 49 50 51 52 
55 56 57 58 59 60 61 62 63 64 
97 98 99 100 101 102 103 104 105 106 107 108 109 110 

for a fixed length string:
31 32 33 
70 71 72 
84 85 86 
88 89 90 
123 124 125 

MODEL       12
9 10 11 12 13 14 15 16 17 18 19 20 21 22 23 
57 58 59 60 61 62 63 
106 107 108 109 110 111 112 113 114 

for a fixed length string:
98 99 100 
123 124 125 

MODEL       13
8 9 10 11 12 13 14 15 16 17 
37 38 39 40 41 42 43 44 45 46 47 
54 55 56 57 58 59 60 61 62 63 64 
117 118 119 120 121 122 123 124 125 126 127 

for a fixed length string:
20 21 22 
73 74 75 

MODEL       14
56 57 58 59 60 61 62 63 64 
103 104 105 106 107 108 109 110 

for a fixed length string:
33 34 35 
38 39 40 
45 46 47 
78 79 80 
83 84 85 
125 126 127 

MODEL       15
10 11 12 13 14 15 16 
19 20 21 22 23 24 25 26 27 28 29 
121 122 123 124 125 126 127 

for a fixed length string:
33 34 35 
54 55 56 
58 59 60 
62 63 64 
117 118 119 

MODEL       16
9 10 11 12 13 14 15 16 
19 20 21 22 23 24 25 26 27 28 29 
54 55 56 57 58 59 60 61 62 
99 100 101 102 103 104 105 106 107 

for a fixed length string:
1 2 3 
78 79 80 
117 118 119 

MODEL       17
19 20 21 22 23 24 25 26 

for a fixed length string:
55 56 57 
84 85 86 
117 118 119 

MODEL       18
19 20 21 22 23 24 25 
38 39 40 41 42 43 44 45 46 47 48 

for a fixed length string:
31 32 33 
57 58 59 
61 62 63 
68 69 70 
78 79 80 

MODEL       19
8 9 10 11 12 13 14 15 16 17 
117 118 119 120 121 122 123 124 125 126 127 

for a fixed length string:
19 20 21 
58 59 60 
62 63 64 

MODEL       20
14 15 16 17 18 19 20 
22 23 24 25 26 27 28 29 
103 104 105 106 107 108 109 110 111 112 113 

for a fixed length string:
10 11 12 
99 100 101 

MODEL       21
36 37 38 39 40 41 42 43 44 
54 55 56 57 58 59 60 61 62 63 64 
119 120 121 122 123 124 125 126 

for a fixed length string:
1 2 3 
8 9 10 
19 20 21 
25 26 27 
46 47 48 
50 51 52 
105 106 107 
110 111 112 

MODEL       22
36 37 38 39 40 41 42 43 44 45 46 47 48 49 50 51 52 
54 55 56 57 58 59 60 61 
106 107 108 109 110 111 112 113 114 115 
119 120 121 122 123 124 125 126 

for a fixed length string:
88 89 90 

MODEL       23
15 16 17 18 19 20 21 
38 39 40 41 42 43 44 45 
117 118 119 120 121 122 123 124 125 126 

for a fixed length string:
9 10 11 
74 75 76 
110 111 112 

MODEL       24
19 20 21 22 23 24 25 26 27 28 29 
36 37 38 39 40 41 42 43 44 45 46 47 48 
57 58 59 60 61 62 63 64 
105 106 107 108 109 110 111 112 113 114 115 
117 118 119 120 121 122 123 124 125 126 127 

for a fixed length string:
10 11 12 
69 70 71 

MODEL       25
18 19 20 21 22 23 24 25 26 27 28 
103 104 105 106 107 108 109 110 111 
117 118 119 120 121 122 123 124 

for a fixed length string:
2 3 4 
7 8 9 
88 89 90 
113 114 115 

MODEL       26
22 23 24 25 26 27 28 29 
52 53 54 55 56 57 58 59 60 61 

for a fixed length string:
10 11 12 
15 16 17 
78 79 80 

MODEL       27
23 24 25 26 27 28 29 
38 39 40 41 42 43 44 
54 55 56 57 58 59 60 61 62 63 64 
117 118 119 120 121 122 123 124 125 126 127 

for a fixed length string:
8 9 10 
78 79 80 
92 93 94 
100 101 102 
110 111 112 

MODEL       28
9 10 11 12 13 14 15 16 17 
22 23 24 25 26 27 28 29 
39 40 41 42 43 44 45 
117 118 119 120 121 122 123 124 125 126 

for a fixed length string:
59 60 61 
66 67 68 

MODEL       29
20 21 22 23 24 25 26 27 
96 97 98 99 100 101 102 103 104 105 106 107 108 109 110 111 
117 118 119 120 121 122 123 124 125 126 127 

for a fixed length string:
15 16 17 
55 56 57 
59 60 61 
92 93 94 

MODEL       30
54 55 56 57 58 59 60 61 62 63 64 
103 104 105 106 107 108 109 110 111 112 113 114 115 
117 118 119 120 121 122 123 124 125 126 

for a fixed length string:
3 4 5 
45 46 47 
69 70 71 

MODEL       31
41 42 43 44 45 46 47 48 
54 55 56 57 58 59 60 61 62 63 64 
70 71 72 73 74 75 76 
104 105 106 107 108 109 110 111 112 113 114 115 

for a fixed length string:
3 4 5 
15 16 17 
66 67 68 
78 79 80 
99 100 101 

MODEL       32
8 9 10 11 12 13 14 15 16 17 
20 21 22 23 24 25 26 27 28 29 
118 119 120 121 122 123 124 125 126 127 

for a fixed length string:
39 40 41 
43 44 45 
69 70 71 
92 93 94 

MODEL       33
7 8 9 10 11 12 13 14 15 16 17 
19 20 21 22 23 24 25 26 27 28 29 
43 44 45 46 47 48 49 
51 52 53 54 55 56 57 58 59 60 61 62 63 64 
66 67 68 69 70 71 72 73 74 75 
103 104 105 106 107 108 109 110 111 
117 118 119 120 121 122 123 124 125 126 127 

for a fixed length string:
3 4 5 
84 85 86 
98 99 100 

MODEL       34
11 12 13 14 15 16 17 18 19 20 21 22 23 24 25 26 27 28 29 
48 49 50 51 52 53 54 55 56 
69 70 71 72 73 74 75 76 
103 104 105 106 107 108 109 110 111 112 113 114 115 
119 120 121 122 123 124 125 126 127 

for a fixed length string:
38 39 40 
60 61 62 
78 79 80 

MODEL       35
7 8 9 10 11 12 13 14 15 16 17 18 19 20 21 22 23 
43 44 45 46 47 48 49 50 51 52 
54 55 56 57 58 59 60 61 62 63 
103 104 105 106 107 108 109 110 111 112 113 

for a fixed length string:
27 28 29 

MODEL       36
20 21 22 23 24 25 26 27 28 29 
56 57 58 59 60 61 62 63 
104 105 106 107 108 109 110 
117 118 119 120 121 122 123 124 125 126 127 

for a fixed length string:
8 9 10 
49 50 51 
73 74 75 

MODEL       37
16 17 18 19 20 21 22 23 24 25 26 27 28 29 
83 84 85 86 87 88 89 
103 104 105 106 107 108 109 110 111 112 

for a fixed length string:
12 13 14 
62 63 64 
69 70 71 
73 74 75 
78 79 80 
123 124 125 

MODEL       38
19 20 21 22 23 24 25 26 27 28 29 
103 104 105 106 107 108 109 110 111 
117 118 119 120 121 122 123 124 125 126 127 

for a fixed length string:
42 43 44 
58 59 60 
62 63 64 
83 84 85 

MODEL       39
10 11 12 13 14 15 16 17 
38 39 40 41 42 43 44 45 46 47 48 
106 107 108 109 110 111 112 113 

for a fixed length string:
69 70 71 
92 93 94 
125 126 127 

MODEL       40
7 8 9 10 11 12 13 14 15 16 17 18 19 20 
53 54 55 56 57 58 59 60 61 62 63 64 
68 69 70 71 72 73 74 75 
103 104 105 106 107 108 109 

for a fixed length string:
111 112 113 

MODEL       41
18 19 20 21 22 23 24 25 26 27 28 29 
36 37 38 39 40 41 42 
54 55 56 57 58 59 60 61 
103 104 105 106 107 108 109 110 111 112 113 114 
117 118 119 120 121 122 123 124 

for a fixed length string:
2 3 4 
13 14 15 
49 50 51 

MODEL       42
20 21 22 23 24 25 26 27 28 29 
117 118 119 120 121 122 123 124 125 126 127 

for a fixed length string:
1 2 3 
33 34 35 
39 40 41 

MODEL       43
19 20 21 22 23 24 25 26 
33 34 35 36 37 38 39 40 41 42 43 44 
109 110 111 112 113 114 115 

for a fixed length string:
9 10 11 
57 58 59 
70 71 72 
74 75 76 
78 79 80 
92 93 94 

MODEL       44
17 18 19 20 21 22 23 24 25 26 
54 55 56 57 58 59 60 61 62 63 64 
103 104 105 106 107 108 109 110 111 
117 118 119 120 121 122 123 124 125 126 

for a fixed length string:
8 9 10 
40 41 42 
70 71 72 
82 83 84 
99 100 101 
113 114 115 

MODEL       45
20 21 22 23 24 25 26 27 28 29 
69 70 71 72 73 74 75 76 
104 105 106 107 108 109 110 
119 120 121 122 123 124 125 126 

for a fixed length string:
31 32 33 
35 36 37 
39 40 41 
54 55 56 
61 62 63 
92 93 94 

MODEL       46
9 10 11 12 13 14 15 16 17 
19 20 21 22 23 24 25 26 27 28 
32 33 34 35 36 37 38 39 40 41 42 43 44 45 46 47 48 
58 59 60 61 62 63 64 
68 69 70 71 72 73 74 75 76 
106 107 108 109 110 111 112 

for a fixed length string:
2 3 4 

MODEL       47
35 36 37 38 39 40 41 42 43 44 45 
55 56 57 58 59 60 61 62 63 64 
121 122 123 124 125 126 127 

for a fixed length string:
8 9 10 
51 52 53 
69 70 71 

MODEL       48
9 10 11 12 13 14 15 16 17 18 19 20 21 22 23 24 25 26 27 28 29 
36 37 38 39 40 41 42 43 44 45 46 
55 56 57 58 59 60 61 62 
69 70 71 72 73 74 75 76 
97 98 99 100 101 102 103 104 105 106 107 108 109 

for a fixed length string:
31 32 33 
51 52 53 
111 112 113 

MODEL       49
7 8 9 10 11 12 13 14 
19 20 21 22 23 24 25 26 27 28 
31 32 33 34 35 36 37 38 39 40 41 42 43 44 45 46 47 48 
103 104 105 106 107 108 109 110 111 112 113 114 
117 118 119 120 121 122 123 124 125 126 

for a fixed length string:
58 59 60 
62 63 64 

MODEL       50
17 18 19 20 21 22 23 
33 34 35 36 37 38 39 40 41 
43 44 45 46 47 48 49 50 
104 105 106 107 108 109 110 111 112 113 114 
117 118 119 120 121 122 123 124 125 126 127 

for a fixed length string:
59 60 61 
74 75 76 

MODEL       51
32 33 34 35 36 37 38 39 
103 104 105 106 107 108 109 110 111 112 
119 120 121 122 123 124 125 126 127 

for a fixed length string:
14 15 16 
19 20 21 
24 25 26 
41 42 43 
62 63 64 
73 74 75 
98 99 100 

MODEL       52
8 9 10 11 12 13 14 15 16 17 
19 20 21 22 23 24 25 26 27 28 29 
31 32 33 34 35 36 37 38 39 40 41 42 43 44 45 46 47 48 49 50 51 52 53 54 
103 104 105 106 107 108 109 110 

for a fixed length string:
71 72 73 
84 85 86 
88 89 90 

MODEL       53
8 9 10 11 12 13 14 15 16 17 18 19 20 21 22 23 24 25 26 
34 35 36 37 38 39 40 
42 43 44 45 46 47 48 
96 97 98 99 100 101 102 103 104 105 106 107 108 109 110 111 112 113 114 115 

for a fixed length string:
50 51 52 
92 93 94 

MODEL       54
19 20 21 22 23 24 25 26 27 28 29 
51 52 53 54 55 56 57 58 
68 69 70 71 72 73 74 75 76 

for a fixed length string:
3 4 5 
15 16 17 
112 113 114 
123 124 125 

MODEL       55
19 20 21 22 23 24 25 26 27 28 29 
50 51 52 53 54 55 56 57 58 59 60 61 62 63 64 
102 103 104 105 106 107 108 109 110 111 112 113 114 115 

for a fixed length string:
73 74 75 
98 99 100 

MODEL       56
23 24 25 26 27 28 29 
31 32 33 34 35 36 37 38 39 40 41 42 43 44 45 46 47 48 49 
67 68 69 70 71 72 73 74 75 76 
102 103 104 105 106 107 108 109 110 111 
117 118 119 120 121 122 123 124 125 126 127 

for a fixed length string:
61 62 63 
98 99 100 
113 114 115 

MODEL       57
20 21 22 23 24 25 26 27 28 29 
55 56 57 58 59 60 61 62 
108 109 110 111 112 113 114 115 
117 118 119 120 121 122 123 124 125 126 

for a fixed length string:
68 69 70 
78 79 80 
89 90 91 
104 105 106 

MODEL       58
7 8 9 10 11 12 13 14 15 
21 22 23 24 25 26 27 28 29 
54 55 56 57 58 59 60 61 
117 118 119 120 121 122 123 124 125 

for a fixed length string:
40 41 42 
74 75 76 

MODEL       59
19 20 21 22 23 24 25 26 27 28 29 
58 59 60 61 62 63 64 
117 118 119 120 121 122 123 124 125 126 

for a fixed length string:
31 32 33 
37 38 39 
70 71 72 
111 112 113 

MODEL       60
7 8 9 10 11 12 13 14 
20 21 22 23 24 25 26 27 28 29 
70 71 72 73 74 75 76 

for a fixed length string:
104 105 106 

MODEL       61
103 104 105 106 107 108 109 110 111 

for a fixed length string:
3 4 5 
39 40 41 

MODEL       62
19 20 21 22 23 24 25 26 27 28 29 
32 33 34 35 36 37 38 39 40 41 42 43 44 45 46 47 48 49 50 51 
58 59 60 61 62 63 64 
118 119 120 121 122 123 124 125 126 127 

for a fixed length string:
78 79 80 

MODEL       63
10 11 12 13 14 15 16 17 
34 35 36 37 38 39 40 41 42 43 
67 68 69 70 71 72 73 74 75 76 
109 110 111 112 113 114 115 

for a fixed length string:
84 85 86 
92 93 94 
120 121 122 
125 126 127 

MODEL       64
19 20 21 22 23 24 25 26 27 28 29 
35 36 37 38 39 40 41 
68 69 70 71 72 73 74 75 

for a fixed length string:
43 44 45 
112 113 114 

