1 2 3 38 39 40 
1 2 3 4 7 8 38 
3 4 5 6 7 8 38 
3 4 5 6 7 8 9 29 38 
4 5 6 7 8 9 10 128 130 
3 4 5 6 7 8 9 10 11 
3 4 5 6 7 8 9 10 11 12 29 
5 6 7 8 9 10 11 12 13 25 130 
6 7 8 9 10 11 12 13 14 129 130 
7 8 9 10 11 12 13 14 15 
8 9 10 11 12 13 14 15 16 17 25 93 
9 10 11 12 13 14 15 16 17 18 
10 11 12 13 14 15 16 
11 12 13 14 15 16 17 93 97 
12 13 14 15 16 17 18 20 97 
12 15 16 17 18 19 20 
12 13 16 17 18 19 20 24 25 
17 18 19 20 21 22 23 24 
16 17 18 19 20 21 22 23 28 
19 20 21 22 23 24 27 28 106 
17 18 19 20 22 23 24 25 26 27 28 
17 18 19 24 25 26 27 28 125 
24 25 26 27 28 29 121 125 
23 24 25 26 27 28 29 30 112 121 
23 24 25 26 27 28 29 30 31 32 57 106 112 
25 26 27 28 29 30 31 32 33 38 124 
27 28 29 30 31 32 33 34 38 112 116 121 124 
28 29 30 31 32 33 34 35 112 
28 29 30 31 32 33 34 35 36 38 56 57 
29 30 31 32 33 34 35 36 37 38 
30 32 33 34 35 36 37 111 115 
31 32 33 34 35 36 37 58 111 
32 33 34 35 36 37 38 39 42 56 58 
32 33 36 37 38 39 
2 3 8 32 33 36 37 38 39 56 
1 2 3 36 38 39 40 41 42 56 
1 39 40 41 42 55 56 85 
39 40 41 42 55 85 
39 40 41 42 43 55 58 
42 43 44 53 54 55 58 
43 44 45 46 53 58 
43 44 45 46 47 51 52 53 
45 46 47 48 49 50 51 52 
45 46 47 48 49 50 51 
46 47 48 49 50 51 62 
45 46 47 48 49 50 51 62 71 
45 46 49 50 51 52 61 62 67 69 70 
43 44 45 46 51 52 53 54 60 61 
43 44 46 52 53 54 58 59 60 61 
42 43 44 52 53 54 55 58 59 85 
40 42 54 55 56 57 58 84 85 
36 39 40 42 55 56 57 58 
35 36 55 56 57 58 59 109 
35 53 54 57 58 59 60 109 
53 54 57 58 59 60 64 84 99 109 
51 52 53 54 58 59 60 61 62 63 64 
51 52 54 59 60 61 62 63 64 65 66 67 70 
51 60 61 62 63 64 70 72 73 74 
60 61 62 63 64 73 74 75 
59 60 61 62 63 64 65 75 76 77 
59 61 64 65 66 75 77 78 79 81 
61 65 66 67 68 73 81 
52 54 61 66 67 68 69 70 81 
50 51 61 67 68 69 70 71 
62 70 71 72 73 74 
61 62 64 70 71 72 73 74 75 
62 63 72 73 74 75 76 
63 64 65 73 74 75 76 77 78 
63 64 74 75 76 77 78 98 
64 75 76 77 78 79 95 98 
64 65 75 77 78 79 
65 77 78 79 80 81 83 
65 66 79 80 81 82 83 
54 65 66 79 80 81 82 83 84 85 
80 81 82 83 84 85 86 
79 80 81 82 83 84 85 86 91 
55 79 81 83 84 85 86 89 92 
40 41 55 81 82 83 84 85 86 
40 82 83 84 85 86 87 88 
1 40 41 85 86 87 88 
3 86 87 88 89 90 
15 86 87 88 89 90 91 92 93 
15 88 89 90 91 92 93 94 
79 89 90 91 92 93 94 95 
59 79 84 89 90 91 92 93 94 95 96 
15 17 89 90 91 92 93 94 95 96 97 
79 90 91 92 93 94 95 96 97 98 
59 77 79 84 91 92 93 94 95 96 97 98 99 
17 28 59 92 93 94 95 96 97 98 99 100 109 
20 28 93 94 95 96 97 98 99 100 101 
64 77 94 95 96 97 98 99 100 101 
64 95 96 97 98 99 100 101 102 
21 23 96 97 98 99 100 101 102 105 106 
21 97 98 99 100 101 102 
98 99 100 101 102 103 104 105 
99 100 102 103 104 105 106 107 108 
23 100 104 105 106 107 108 109 
104 105 106 107 108 109 112 113 
104 105 106 107 108 109 113 
31 107 108 109 110 111 112 113 
108 109 110 111 112 113 
34 35 109 110 111 112 113 114 115 
31 109 110 111 112 113 114 115 116 
109 110 111 112 113 114 115 116 117 
111 112 113 114 115 116 117 
34 111 113 114 115 116 117 119 
30 112 114 115 116 117 118 119 121 
112 113 116 117 118 119 
116 117 118 119 120 121 
26 27 30 119 120 121 122 123 124 
120 121 122 123 124 125 
121 122 123 124 125 126 
5 29 38 121 122 123 124 125 126 
5 25 26 29 123 124 125 126 128 130 
5 122 123 125 126 127 128 
6 10 125 126 127 128 129 130 
9 10 13 25 128 129 130 

7 8 9 10 12 91 
14 15 16 17 18 19 
16 17 18 19 20 22 
16 17 18 19 20 21 22 
16 17 18 19 20 21 97 
17 18 19 20 21 97 
24 25 26 27 28 110 
26 27 28 29 110 114 
27 28 29 30 31 115 
30 31 32 33 34 35 
32 33 34 35 36 37 115 
46 47 48 49 50 51 
47 48 49 50 51 52 53 
50 51 52 53 54 55 
41 53 54 55 56 57 
57 58 59 60 61 62 
57 59 60 61 62 63 64 
61 62 63 64 65 66 81 
64 65 66 67 68 81 
73 74 75 76 77 78 
78 79 80 81 82 84 
64 65 66 80 81 82 
61 64 65 80 81 82 83 
1 87 88 89 90 91 
1 8 17 88 89 90 91 92 93 
8 9 88 90 91 92 93 
8 17 90 91 92 93 
99 100 101 102 103 104 
124 125 126 127 128 129 
6 12 126 127 128 129 

4 5 6 7 8 33 128 
7 8 9 10 11 12 13 
8 9 11 12 13 14 
8 9 12 13 14 15 
22 23 24 25 26 27 
23 24 25 26 27 89 
24 25 26 27 28 29 
27 28 29 30 33 34 35 
27 28 29 30 31 32 33 35 116 
30 31 32 35 116 117 127 
29 30 31 32 33 34 35 127 
27 29 30 32 33 34 
35 36 37 38 39 40 
48 49 50 51 52 53 54 
41 50 51 52 53 54 
40 41 50 51 52 53 54 55 
40 41 49 50 52 53 54 55 
40 53 54 55 56 57 58 
55 56 57 58 59 60 
54 58 59 60 61 62 63 
59 60 61 62 63 64 
63 64 65 66 67 81 
65 79 80 81 82 83 
3 84 85 86 87 88 
1 3 86 87 88 89 
1 86 87 88 89 90 91 
1 87 88 89 90 91 93 
1 88 89 90 91 92 93 
89 90 91 92 93 94 
77 93 94 95 96 97 
101 103 104 105 106 107 
35 36 113 114 115 116 117 
30 31 35 113 115 116 117 118 
31 35 115 116 117 118 
31 116 117 118 119 120 
31 117 118 119 120 123 125 
118 119 120 121 122 123 
31 119 125 126 127 129 
31 32 126 127 128 129 
7 33 127 128 129 130 

3 4 5 6 7 33 
10 11 12 13 127 130 
11 12 13 14 126 127 
14 15 16 17 18 19 
14 17 18 19 20 21 
28 29 30 31 32 116 
38 39 40 41 42 43 44 
39 44 45 46 47 70 71 
45 46 47 48 69 70 71 
47 48 49 68 69 70 71 
47 48 49 50 51 62 
49 50 51 52 53 62 
50 51 52 53 54 62 
51 52 53 54 55 56 
54 55 56 57 58 59 
56 57 58 59 60 61 
56 58 59 60 61 63 
52 56 59 60 61 62 63 
53 56 60 61 62 63 64 
56 57 60 61 62 63 64 65 
57 62 63 64 65 66 
63 64 65 66 67 81 84 
64 65 66 67 68 80 81 88 
64 65 66 67 68 69 88 
48 66 67 68 69 70 
46 48 64 67 68 69 70 
45 46 47 48 68 69 70 71 
65 66 79 80 81 82 
82 83 84 85 86 87 88 89 
1 84 85 86 87 88 89 
1 67 82 84 87 88 89 90 
84 87 88 89 90 91 92 
1 88 89 90 91 92 
1 88 89 90 91 92 93 
29 77 92 93 94 95 96 
77 78 93 94 95 96 97 
29 94 95 96 97 98 
95 96 97 98 99 100 
99 100 101 102 103 104 
101 102 103 104 105 106 
35 111 112 113 114 115 
34 115 116 117 118 119 
5 121 122 123 124 125 
13 124 125 126 127 128 
6 11 13 125 126 127 128 129 130 
6 123 127 128 129 130 

4 5 6 7 33 91 
5 6 7 8 9 128 
10 11 12 20 126 129 
12 15 16 17 18 19 20 21 
14 18 19 20 21 22 23 
14 20 21 22 23 24 25 
28 29 30 31 114 116 
49 50 51 52 53 54 
50 52 53 54 55 62 69 
55 56 57 58 59 61 
54 58 59 60 61 62 63 
63 64 65 66 81 82 83 
62 65 66 67 68 69 
73 74 75 76 77 96 
74 75 76 77 78 95 96 
75 76 77 78 84 95 96 
76 77 78 79 80 84 
65 66 80 81 82 83 
64 65 66 80 81 82 83 84 
65 66 81 82 83 84 
90 91 92 93 94 95 
75 76 95 96 97 98 99 
95 96 97 98 99 101 
96 97 98 99 100 101 
30 114 115 116 117 118 
116 117 118 119 120 123 
118 119 120 121 122 123 
118 120 121 122 123 124 
118 121 122 123 124 125 126 
5 6 11 125 126 127 128 129 

31 32 33 34 35 36 
33 34 35 36 37 38 
48 49 50 51 53 69 
53 54 55 56 57 58 
55 56 57 58 59 60 
55 56 57 58 59 60 
56 57 58 59 60 61 
56 57 59 60 61 62 
63 64 65 66 67 81 
67 68 69 70 71 72 
72 73 74 75 76 77 
73 74 75 76 77 97 
73 74 75 76 77 78 
73 74 76 77 78 95 
65 66 67 79 80 81 82 
1 4 86 87 88 91 
86 87 88 89 90 91 
33 87 88 89 90 91 92 
1 33 87 88 89 90 91 92 
77 93 94 95 96 97 
101 102 103 104 105 106 
29 30 31 113 114 115 116 117 
31 115 116 117 118 119 120 
28 125 126 127 128 129 

12 18 19 20 21 22 
18 19 20 21 22 23 
18 20 21 22 23 24 
28 29 30 31 32 116 121 
49 50 51 52 53 69 
58 59 60 61 62 63 
61 62 63 64 65 66 
62 63 64 65 66 80 81 
63 64 65 66 77 79 81 
56 62 65 66 67 76 77 
56 62 66 67 68 76 
66 67 68 69 70 76 
54 69 70 71 72 73 
66 68 74 75 76 77 78 97 
65 76 77 78 79 81 95 97 
65 76 77 78 79 97 
64 65 77 78 79 80 
64 65 79 80 81 82 
64 65 77 79 80 81 82 83 
81 82 83 84 95 96 
1 33 89 90 91 92 
74 91 92 93 94 95 
83 84 92 93 94 95 96 
77 83 84 93 94 95 96 97 
98 99 100 101 102 103 
98 99 101 102 103 104 105 
99 101 102 103 104 105 
102 103 104 105 106 107 
30 114 115 116 117 118 

5 6 7 124 125 128 
7 8 9 10 11 129 
18 19 20 21 22 23 
19 20 21 22 23 24 
22 23 24 25 118 120 121 
29 30 31 32 114 115 116 
41 42 43 44 45 46 
45 46 47 48 49 50 
48 49 50 51 52 53 
50 51 52 53 54 55 56 
50 53 54 55 56 60 
55 56 57 59 60 61 
55 59 60 61 62 63 
62 63 64 65 66 67 81 
62 65 66 67 68 69 70 
66 67 68 69 70 74 
75 76 77 78 94 95 97 
65 79 80 81 82 83 
84 85 86 87 88 89 
1 2 86 87 88 89 
85 86 87 88 89 90 91 
77 78 92 93 94 95 
76 77 93 94 95 96 97 
31 35 111 112 113 114 
30 31 35 113 114 115 116 
25 30 114 115 116 117 
24 115 117 118 119 120 
23 24 115 117 118 119 120 
23 24 118 119 120 121 122 
5 6 127 128 129 130 

1 2 3 4 5 130 
3 4 5 6 7 21 
4 5 6 7 21 128 
5 6 7 8 9 21 
13 15 16 17 18 19 20 
13 16 17 18 19 20 21 
13 16 17 18 19 20 
25 26 27 28 29 30 119 
27 28 29 30 31 114 
25 27 28 29 30 31 33 116 
25 29 30 31 32 33 
30 31 32 33 34 104 113 
30 31 32 33 34 35 113 
33 34 35 36 37 97 113 
41 42 43 44 47 48 
42 43 44 47 48 51 
40 41 42 43 44 45 47 
41 44 45 46 47 48 49 
41 42 43 44 47 48 49 51 
42 43 48 49 50 51 
43 48 49 50 51 66 
43 48 49 50 51 52 53 
50 51 52 53 54 55 67 
57 58 59 60 61 62 
57 58 59 60 61 62 
63 64 65 66 67 81 
61 63 65 66 67 68 
52 61 66 67 68 69 
75 76 77 78 79 95 
74 75 76 77 78 79 95 
76 77 78 79 80 93 95 96 
65 66 78 80 81 82 85 
86 87 88 89 119 120 
86 87 88 89 90 91 118 119 
33 89 90 91 92 97 
92 93 94 95 97 98 
77 78 93 94 95 96 97 98 
78 93 95 96 97 98 
36 92 93 95 96 97 98 
34 94 96 97 98 99 
98 99 100 101 102 103 
98 99 100 101 102 103 104 
102 103 104 105 106 108 109 
103 104 105 106 107 108 
88 89 116 117 118 119 120 
88 89 90 117 118 119 120 
88 117 118 119 120 121 122 
121 122 123 124 125 129 
122 123 124 125 126 127 
122 125 126 127 128 129 
5 6 122 127 128 129 
5 121 122 123 127 128 129 130 
2 5 121 123 128 129 130 

1 2 3 4 5 6 
1 4 5 6 7 128 
1 4 5 6 7 9 10 128 129 130 
1 5 6 7 8 9 
10 11 12 13 14 17 18 
12 13 14 15 16 17 
12 13 14 15 16 17 
28 29 30 31 32 116 117 
34 35 36 37 103 104 105 110 
35 36 37 38 103 104 
41 42 43 44 45 46 
41 46 47 48 49 50 
54 55 56 57 58 59 60 
57 58 59 60 61 62 
53 54 58 59 60 61 62 
59 60 61 62 63 64 
62 64 65 66 80 81 
62 65 66 67 69 80 81 
66 67 68 69 70 71 72 
41 67 76 77 78 79 
67 78 79 80 81 85 
65 66 78 79 80 81 82 83 85 
65 66 79 80 81 82 83 
86 87 88 89 90 118 
85 86 87 88 89 90 91 
88 89 90 91 92 93 
33 38 89 90 91 92 93 
94 95 96 97 98 99 
97 98 99 100 101 102 
36 37 101 102 103 104 105 
36 102 103 104 105 106 107 
112 113 114 115 116 117 
124 125 126 127 128 129 
12 125 126 127 128 129 130 
6 7 127 128 129 130 
5 6 10 123 127 128 129 130 
6 10 127 128 129 130 

1 2 3 4 5 6 7 
3 4 5 6 7 8 
27 28 29 30 31 115 
31 32 33 34 35 112 
33 34 35 36 111 112 
37 38 39 40 41 104 
38 39 40 41 42 104 
63 64 65 66 78 81 83 
65 66 67 68 78 81 
66 67 68 69 70 73 74 
63 67 68 69 70 71 72 
68 69 70 71 72 73 
68 69 70 71 72 73 74 75 
67 68 70 73 74 75 76 
50 73 74 75 76 77 
75 76 77 78 94 95 
66 76 77 78 79 80 
65 66 78 80 81 82 83 
65 80 81 82 83 85 
86 87 88 89 90 118 119 
49 77 94 95 96 97 
41 49 95 96 97 98 99 100 
95 96 97 98 99 100 
87 116 117 118 119 120 
1 118 119 120 121 122 
1 117 119 120 121 122 123 126 
1 4 120 121 122 123 124 126 
5 124 125 126 127 128 
5 6 127 128 129 130 

5 6 7 8 9 128 
5 7 8 9 10 119 
13 14 15 16 17 18 
26 27 28 29 30 31 
28 29 30 31 89 116 
33 34 35 36 37 97 
34 35 36 37 38 97 102 
35 36 37 38 39 97 102 103 104 105 
39 40 41 42 47 104 
40 41 42 43 44 47 
42 43 44 45 46 47 
44 45 46 47 48 49 86 93 
42 44 45 46 47 48 49 
46 47 48 49 50 51 
46 48 49 50 51 93 94 
62 63 64 65 66 82 
65 66 67 68 69 81 
69 70 71 72 73 74 
72 73 74 75 76 79 
74 75 76 77 78 79 
73 74 76 77 78 79 80 
65 66 67 80 81 82 
65 66 80 81 82 83 84 85 
82 83 84 85 86 88 
85 86 87 88 89 90 117 
33 88 89 90 91 92 
33 34 90 91 92 93 96 97 
90 91 92 93 94 97 
46 49 92 93 94 97 98 
49 50 92 93 94 95 96 98 
91 92 94 95 96 97 98 
41 99 100 101 102 103 
36 37 41 97 100 101 102 103 104 
36 37 102 103 104 105 106 
37 40 102 103 104 105 106 
37 38 103 104 105 106 107 
28 30 116 117 118 119 
2 3 5 119 120 121 122 
1 120 121 122 123 126 
122 123 124 125 126 127 
6 125 126 127 128 129 

5 6 7 8 9 122 128 
13 14 15 16 17 18 
18 19 20 21 22 24 
18 19 20 21 22 23 
18 19 20 23 24 25 
28 29 30 31 32 116 
32 33 34 35 108 113 
33 34 35 36 41 107 108 113 
37 38 39 40 41 42 43 
38 39 40 41 42 43 
48 49 50 51 52 53 
51 52 53 54 55 69 
57 58 59 60 61 62 
62 63 64 65 66 67 81 
81 82 83 84 85 86 88 
36 83 84 85 86 87 
83 84 85 86 87 112 
83 84 85 86 87 88 
84 86 87 88 89 113 115 
78 79 80 91 92 93 94 97 
79 92 93 94 97 98 99 
78 79 92 93 94 95 96 97 98 
77 78 94 95 96 97 98 
93 94 95 96 97 98 99 
93 94 96 97 98 99 
93 97 98 99 100 101 
99 100 101 102 103 104 
33 100 101 102 103 104 105 
34 101 102 103 104 105 
100 101 102 103 104 105 
34 102 103 104 105 106 107 
34 35 106 107 108 109 
113 114 115 116 117 120 
115 116 117 118 119 120 
117 118 119 120 121 122 
6 7 127 128 129 130 

1 2 3 5 7 130 
5 6 7 8 9 130 
7 9 10 11 12 130 
23 24 25 26 27 28 119 
23 25 26 27 28 119 
35 36 37 38 39 41 
40 41 42 43 44 93 
42 43 44 49 93 94 97 
42 44 45 47 48 49 
48 49 50 51 52 53 
50 51 52 53 54 69 
52 53 54 55 56 69 
53 54 55 56 57 69 
62 64 65 66 67 81 
56 60 68 69 70 71 
56 60 68 69 70 71 72 
50 73 74 75 76 77 
50 74 75 76 77 79 
75 76 77 78 79 95 
81 82 83 85 88 89 
33 41 89 90 91 92 
42 89 91 92 93 94 
50 77 92 93 94 95 96 97 
43 94 95 96 97 98 
106 107 108 109 110 111 
106 108 110 111 112 113 
110 111 112 113 114 115 
32 112 113 114 115 116 
30 112 115 116 117 118 119 
116 117 118 119 120 121 
119 120 121 122 123 124 
86 120 121 122 123 124 125 
86 121 123 124 125 126 

1 2 3 4 5 129 130 
3 4 5 6 7 8 9 
4 5 6 7 8 9 128 
5 6 7 8 9 10 
5 6 7 8 9 10 
4 5 6 7 8 9 10 
29 30 31 32 114 116 
30 31 32 33 34 92 114 
36 39 40 41 42 43 44 
41 42 43 44 45 52 
36 41 42 43 44 45 46 52 
43 45 46 47 48 49 52 
46 47 48 49 50 52 97 98 
55 56 57 58 59 60 61 
57 58 59 60 61 62 
65 66 67 68 74 78 
62 65 66 67 68 69 74 
66 67 68 69 70 71 74 
66 72 73 74 75 76 
66 74 75 76 77 78 79 95 
66 77 78 79 80 95 
84 85 86 87 88 115 124 
86 87 88 115 122 124 126 
86 88 89 90 91 92 93 
31 33 50 90 91 92 93 
50 77 78 94 95 96 
114 115 116 117 118 120 
29 30 115 116 117 118 
115 117 118 119 120 121 122 
1 5 127 128 129 130 

3 4 5 6 7 130 
4 5 6 7 8 128 
3 6 7 8 9 10 
7 8 9 10 11 12 
28 29 30 31 32 33 
31 32 33 34 35 114 
33 34 35 36 92 113 114 
34 35 36 37 38 39 
36 37 38 39 40 113 
43 44 45 46 47 54 
45 47 48 49 50 51 54 
47 48 49 50 51 52 
47 49 50 51 52 53 54 
63 64 65 66 78 81 93 
67 68 69 70 71 72 
67 69 70 71 72 73 74 
65 78 79 80 81 82 83 85 
85 86 87 88 89 122 
89 90 91 92 93 114 115 
33 35 78 90 91 92 93 94 114 
33 35 77 92 93 94 95 96 
33 35 77 94 95 96 
99 100 101 102 103 104 
32 34 109 110 111 112 113 114 
110 111 112 113 114 115 
91 111 112 113 114 115 
91 92 111 112 113 114 115 
30 112 115 116 117 118 
119 120 121 122 123 124 
120 121 122 123 124 127 
120 121 122 123 124 127 128 
120 122 123 124 127 128 
120 122 123 124 125 126 127 
121 122 124 125 126 127 128 
4 6 122 123 127 128 129 
4 122 123 128 129 130 

4 5 6 7 8 128 
7 8 9 10 11 12 
11 12 13 14 15 16 
17 18 19 20 21 22 
25 26 27 28 29 75 
29 30 31 114 115 116 
29 30 31 32 112 113 
33 34 35 36 37 99 
34 35 36 37 95 97 99 
34 36 37 38 40 45 
38 40 42 43 44 45 
48 49 50 51 66 97 
52 53 54 55 56 69 
52 53 54 55 56 69 
54 57 58 59 60 61 
63 64 65 66 80 81 
64 65 66 67 68 97 
65 66 67 68 69 96 97 
66 67 68 69 70 80 
67 68 69 70 71 72 98 
71 72 73 76 77 98 
28 73 75 76 77 78 
28 72 76 77 78 95 
77 78 79 80 81 82 92 95 
65 68 79 80 81 82 96 
65 79 80 81 82 92 94 
78 79 80 81 82 83 84 92 
86 87 88 89 91 113 
82 85 87 88 90 91 92 93 
78 79 81 82 85 90 91 92 93 94 95 
81 90 91 92 93 94 
65 79 81 92 93 94 95 96 
36 77 79 92 94 95 96 97 
67 77 95 96 97 98 
36 67 95 96 97 98 
36 95 96 97 98 99 100 
33 99 100 101 102 103 
34 101 102 103 104 105 
31 32 110 111 112 113 114 
30 113 114 115 116 122 
29 30 114 115 116 117 118 122 
30 114 115 116 117 118 
115 116 117 118 119 120 
122 123 124 125 126 127 128 129 
1 124 125 126 127 128 129 130 
1 124 127 128 129 130 

11 12 13 14 15 16 17 
24 25 26 27 28 118 
32 33 34 35 109 110 
33 34 35 36 37 113 
35 36 37 38 91 113 
50 51 52 53 55 56 98 
51 53 54 55 56 57 58 
60 62 63 64 65 66 
60 62 63 64 65 66 
63 64 65 66 67 81 
58 66 67 68 69 97 98 
75 76 77 93 95 101 117 
76 77 78 79 95 117 
83 84 85 86 87 88 
85 86 87 88 89 115 
86 87 88 89 90 92 115 
86 88 89 90 91 92 
88 89 90 91 92 113 
88 89 90 91 92 93 113 
88 89 90 91 92 93 
49 71 95 96 97 98 99 100 
49 50 97 98 99 100 
33 100 101 102 103 104 
34 105 106 107 108 109 
110 111 112 113 114 115 
30 114 115 116 117 118 
28 115 116 117 118 119 120 
14 124 125 126 127 128 

4 5 6 7 14 128 
5 6 7 8 9 14 
13 16 17 18 19 22 23 
18 19 20 21 22 23 
13 18 23 24 25 26 
23 24 25 26 27 28 
29 30 31 32 33 34 
31 32 33 34 103 104 
35 36 37 111 112 113 
35 36 37 38 39 111 113 
49 50 51 52 53 97 98 
51 52 53 54 55 69 
53 54 55 56 57 69 
55 56 57 58 60 61 
57 58 59 60 61 62 
57 58 59 60 61 62 
63 64 65 66 67 68 81 96 
64 65 66 67 68 69 
65 67 68 69 71 76 
67 68 69 70 71 72 98 
73 74 75 76 77 78 
76 77 78 81 82 95 
76 77 78 79 80 81 82 
77 78 79 80 81 82 
65 77 80 81 82 92 
77 80 81 82 83 92 
83 84 85 86 87 90 115 
84 85 86 87 88 89 90 
85 86 87 88 89 115 
85 86 87 88 89 90 91 
81 82 85 91 92 93 94 
91 92 93 94 95 96 
33 35 93 94 95 101 
77 93 94 95 96 97 101 
65 66 67 93 95 96 97 
66 67 95 96 97 98 
33 100 101 102 103 104 105 
101 102 103 104 105 106 107 
106 107 108 109 110 111 112 
37 39 109 110 111 112 
34 114 115 116 117 118 
6 125 126 127 128 129 

5 6 7 121 122 123 125 128 
5 6 7 8 9 123 
28 29 30 31 34 116 
35 36 37 38 39 97 
47 48 49 50 51 97 
49 50 51 52 67 97 
49 50 51 52 53 67 
61 62 63 64 65 69 
50 63 64 65 66 67 69 80 81 
50 65 66 67 69 80 
50 51 66 67 68 69 98 
51 53 67 68 69 70 71 98 
62 67 68 69 70 71 
61 62 68 69 70 71 72 
73 74 75 76 77 78 
65 75 78 79 80 81 82 83 94 
65 66 79 80 81 82 83 94 95 
80 81 82 83 85 93 94 
79 80 82 83 84 85 
87 88 89 90 91 92 93 
89 90 91 92 93 113 115 
81 82 89 92 93 94 
66 81 82 92 93 94 95 
33 100 101 102 103 104 107 
6 123 124 125 126 127 128 
6 123 124 125 126 127 128 
1 124 125 126 127 128 
6 124 125 127 128 129 130 

1 2 3 4 5 6 14 130 
3 4 5 6 7 14 130 
4 5 6 7 10 11 14 128 130 
5 6 7 8 10 11 
6 10 11 12 13 127 130 
11 12 13 14 15 129 130 
1 14 15 16 17 18 130 
21 22 23 24 25 28 
24 25 26 27 28 29 
24 25 27 28 29 31 
29 30 31 32 33 78 107 
31 32 33 34 107 115 
32 33 34 100 102 107 
43 44 45 46 47 49 
44 45 46 47 48 49 
46 47 48 49 50 51 52 97 
64 65 66 67 68 81 
66 67 68 69 74 75 97 98 
67 68 69 70 71 98 
70 71 72 73 74 98 
67 68 72 73 74 75 98 
66 67 74 75 76 77 98 
66 74 75 76 77 98 
66 75 76 77 78 79 95 
77 78 79 80 81 82 83 84 94 95 
65 79 80 81 82 83 84 
80 82 83 84 85 92 94 
80 82 83 84 85 93 94 
82 83 84 85 86 87 
88 89 90 91 92 113 
87 90 91 92 113 115 
83 90 91 92 93 94 115 
32 80 83 92 93 94 
80 83 84 92 93 94 95 96 
77 80 93 94 95 96 
66 67 76 95 96 97 98 100 
33 99 100 101 102 103 
33 100 101 102 103 104 107 
35 102 103 104 105 107 
107 108 109 110 111 113 
91 108 109 111 112 113 114 
114 115 116 117 118 119 
117 119 120 121 122 123 
11 12 125 126 127 128 129 
6 126 127 128 129 130 
1 4 11 13 14 129 130 

1 2 3 4 15 17 
1 2 3 4 5 15 
7 8 9 10 11 12 
1 15 16 17 18 19 
26 27 28 29 30 118 
26 28 29 30 31 118 
26 28 29 30 31 32 116 
28 29 30 31 32 33 
30 31 32 33 34 84 
30 31 32 33 34 35 
36 37 38 39 40 41 
60 61 62 63 65 66 
67 68 69 70 75 98 
71 72 73 74 75 76 
75 76 77 78 80 84 95 
80 81 82 83 94 95 
21 82 83 84 85 86 92 94 95 
21 83 84 85 86 87 
21 83 84 85 86 87 
34 89 90 91 92 93 
88 89 90 91 92 93 94 
82 91 92 93 94 95 
82 83 92 93 94 95 96 
77 82 83 84 94 95 96 
84 94 95 96 97 98 
33 98 99 100 101 102 
99 100 101 102 103 107 
101 103 104 105 106 107 
112 113 114 115 116 117 
30 110 114 115 116 117 118 
26 29 116 117 118 119 120 

1 2 3 4 5 14 
2 7 12 13 14 15 
17 18 19 20 21 22 
28 29 30 31 32 116 
30 31 32 33 34 115 
31 32 33 34 35 95 96 
33 35 36 37 38 91 96 
33 35 36 37 38 96 104 
45 46 47 48 49 98 
47 48 49 50 51 52 53 97 
48 49 50 51 52 53 54 55 69 
50 51 52 53 54 55 
52 53 54 55 56 57 
59 60 61 62 63 66 
52 62 63 64 65 66 
52 64 65 66 67 79 81 
52 61 62 64 65 66 67 
62 65 66 67 68 69 79 
70 71 72 73 74 78 
71 72 73 74 75 76 78 
73 74 75 76 77 78 
75 76 77 78 95 98 
65 79 80 81 82 83 
21 81 82 83 84 85 
34 35 36 90 91 92 93 
32 33 77 93 94 95 96 97 
33 37 93 94 95 96 97 
93 95 96 97 98 99 
75 97 98 99 100 101 
108 109 110 111 112 113 
109 110 111 112 113 114 115 
29 30 115 116 117 118 

4 5 6 7 13 128 
7 8 9 10 13 130 
8 9 10 11 12 13 
14 15 16 17 18 21 
15 16 17 18 19 21 
14 17 18 19 20 21 
51 52 53 54 55 97 
50 51 52 53 54 55 69 
51 52 53 54 55 56 
51 52 53 54 55 56 57 
66 67 68 69 76 77 
68 69 70 71 72 73 78 
68 73 74 75 76 77 78 
68 76 77 78 79 95 
74 76 77 78 79 80 
65 79 80 81 82 83 
82 83 84 85 86 87 88 
31 32 33 34 89 90 91 92 
33 34 90 91 92 93 94 101 
77 93 94 95 96 97 
30 114 115 116 117 118 
114 115 116 117 118 119 
6 13 126 127 128 129 130 

9 10 11 12 13 14 
1 15 16 17 18 128 129 
32 33 34 35 36 104 
35 36 37 38 39 42 
45 46 47 48 51 52 
47 48 49 51 52 69 
48 49 50 51 52 53 
47 48 50 51 52 53 
55 56 57 58 69 70 
62 63 64 65 66 75 80 
63 64 65 66 75 80 81 
66 67 68 69 71 97 
67 70 71 72 74 75 
60 63 71 72 73 74 75 
63 72 73 74 75 76 
63 71 72 73 74 75 76 77 
75 76 77 78 79 95 
64 65 77 78 79 80 81 82 
65 80 81 82 83 94 95 
88 89 90 91 92 93 
34 89 90 91 92 98 
89 90 91 92 93 94 98 
92 94 95 96 97 98 
28 30 115 116 117 118 
6 17 127 128 129 130 

7 8 9 10 11 12 13 
28 29 30 31 32 116 
29 30 31 32 33 91 
30 31 32 33 34 90 91 118 
34 35 36 89 107 111 118 
36 37 38 87 89 115 
38 39 40 41 42 43 
39 40 41 42 43 44 85 86 
38 39 41 42 43 44 45 
38 42 43 44 45 86 99 
43 44 45 46 99 100 
45 46 47 48 49 99 100 
46 47 48 49 97 98 100 101 
47 48 49 50 51 101 
61 62 63 64 65 66 
62 63 64 65 66 67 
64 65 66 67 68 69 
61 63 64 67 68 69 70 
67 69 70 71 73 74 96 
69 70 71 72 73 96 
70 71 72 73 96 97 
70 71 72 73 74 75 96 
75 76 77 78 79 95 
38 44 85 86 87 88 89 115 
38 44 86 87 88 89 90 98 99 
38 87 88 89 90 98 100 
31 32 34 36 88 89 90 91 98 
31 32 90 91 92 98 
92 93 94 95 96 97 
75 77 94 95 96 97 98 
72 73 75 94 95 96 97 98 
72 94 95 96 97 98 
45 47 48 98 99 100 
38 46 47 48 98 99 100 101 
34 101 102 103 104 105 
35 104 105 106 107 108 
107 108 109 110 111 113 
108 109 110 111 112 113 
35 108 109 110 111 112 113 
30 114 115 116 117 122 
112 113 114 116 117 118 122 
117 118 119 120 121 122 
123 124 125 126 127 128 
6 125 126 127 128 129 130 

4 5 6 7 13 128 129 130 
4 5 6 7 8 9 11 13 14 
7 8 9 10 11 12 
7 8 9 10 11 12 13 
12 13 14 15 16 17 18 
20 21 22 23 24 26 
31 32 33 34 87 115 
32 33 34 35 36 88 
34 35 36 37 38 113 
43 45 46 47 50 62 
43 46 47 48 49 50 
63 64 65 66 67 68 81 
63 65 66 67 68 69 70 99 
70 71 72 73 74 75 76 77 78 
71 72 73 74 75 76 77 79 
71 72 73 74 75 76 
72 73 74 75 76 77 95 
72 73 75 76 77 79 95 
72 75 76 77 78 79 95 
78 79 80 81 82 83 
65 78 79 80 81 82 
34 85 86 87 88 89 
33 89 90 91 92 93 98 
75 77 93 94 95 96 
69 70 97 98 99 100 101 
102 103 104 105 107 109 
31 112 113 114 115 116 

1 2 3 4 6 7 130 
1 2 3 4 5 6 
1 2 3 4 5 6 
1 3 4 5 6 7 8 128 
7 8 9 10 12 128 
7 8 9 10 11 12 
1 13 17 18 19 20 
17 18 19 20 21 22 
17 20 21 22 23 24 
21 22 23 24 25 26 
29 30 31 32 33 116 
30 31 32 33 34 109 
32 33 34 35 36 94 108 
44 45 46 47 48 63 
41 44 46 47 48 49 63 
49 50 51 52 53 69 
51 52 53 54 57 62 69 
52 53 54 55 56 57 
54 55 56 57 58 59 
53 60 61 62 63 64 
41 62 63 64 65 66 
70 71 72 73 74 99 
73 74 75 76 77 78 79 
74 75 76 77 78 99 
75 76 77 78 95 98 99 
66 75 78 79 80 81 
82 83 84 85 86 89 
33 89 90 91 92 93 
77 94 95 96 97 98 
34 94 95 96 97 98 
95 96 97 98 99 102 
77 95 97 98 99 100 
76 77 97 98 99 100 102 
97 99 100 101 102 103 104 
34 36 106 107 108 109 110 
36 38 109 110 111 112 
4 125 126 127 128 129 130 
4 6 8 127 128 129 130 

1 5 6 7 127 128 
11 12 13 14 15 18 
13 14 17 18 19 20 
28 29 30 31 32 33 115 116 
30 31 32 33 107 109 
30 31 32 33 34 35 
37 38 39 40 46 64 
38 39 40 41 42 46 64 
48 49 50 51 52 53 54 
52 53 54 55 56 58 69 
49 50 52 53 54 55 56 
53 54 55 56 57 58 
39 58 62 63 64 65 66 
59 64 65 66 67 68 78 
41 64 66 67 68 70 
41 58 66 67 68 69 70 75 
67 68 69 70 71 72 75 
41 67 68 69 70 71 72 
74 75 76 77 78 79 
66 76 77 78 79 80 
59 66 77 78 79 80 
65 78 79 80 81 82 88 
80 81 82 83 84 88 
82 83 84 85 86 88 89 
83 84 85 86 87 88 
84 85 86 87 88 89 113 115 
81 84 86 87 88 89 
38 110 111 112 113 114 
36 109 112 113 114 115 
6 7 127 128 129 130 

4 5 6 7 8 128 
10 11 12 13 16 17 
11 12 13 14 16 17 130 
12 13 14 15 16 17 18 
13 14 15 16 17 18 
13 14 15 16 17 18 
13 15 16 17 18 19 
17 18 19 20 21 22 23 
17 19 20 21 22 23 
18 19 21 22 23 24 
28 29 30 31 33 116 
34 35 36 37 90 91 
35 36 37 90 91 97 
35 36 37 38 97 102 
42 43 44 45 47 49 
44 45 46 47 48 49 
41 46 47 48 49 50 51 
41 49 50 51 52 53 
57 58 59 60 61 62 
66 67 68 69 70 71 72 98 
65 66 73 74 75 76 81 
74 75 76 77 80 81 
76 77 78 79 80 81 82 
65 75 76 79 80 81 82 
84 85 86 87 88 89 
85 86 87 88 89 113 115 
85 87 88 89 90 113 
36 88 89 90 91 92 
33 34 35 36 90 91 92 
36 90 91 92 93 94 
75 77 93 94 95 96 97 
75 94 95 96 97 98 
29 30 33 114 115 116 117 
117 118 119 120 121 122 123 
4 125 126 127 128 129 
4 6 127 128 129 130 

2 3 4 5 6 7 
11 12 13 14 125 126 
14 16 17 18 19 21 
14 18 19 20 21 22 
27 28 29 30 31 34 
29 30 31 34 113 116 
30 31 32 33 34 113 
31 32 33 34 35 113 
33 34 35 36 102 103 
33 35 36 37 97 102 103 
37 38 39 97 98 99 104 
41 50 51 52 53 54 
63 64 65 66 67 81 
38 67 68 69 70 71 
75 76 77 78 79 95 
65 79 80 81 82 84 
84 85 86 87 88 115 
31 87 88 89 90 115 
78 93 94 95 96 97 
69 77 78 94 95 96 97 98 
38 69 94 95 96 97 
37 38 94 95 96 97 98 99 
97 98 99 100 101 102 
35 36 37 99 101 102 103 104 
37 101 102 103 104 105 
30 114 115 116 117 118 
121 122 123 124 125 126 
11 12 123 124 125 126 127 

1 3 4 5 6 7 
4 5 6 7 10 128 
5 6 7 8 10 128 
10 11 12 13 14 15 
14 17 18 19 20 21 
14 17 18 19 20 21 
21 22 23 24 25 26 
27 28 29 30 31 32 
29 30 31 32 116 117 
29 30 31 32 33 34 
34 35 36 37 38 104 
35 36 37 38 39 40 103 104 105 106 
35 36 37 38 39 108 
41 42 43 45 46 47 
42 43 44 45 46 47 
41 49 50 51 52 53 
41 51 52 53 54 55 56 57 60 
39 41 51 52 53 54 55 56 
39 41 53 54 55 56 57 
53 54 55 56 57 67 69 
53 55 56 57 58 67 69 
53 56 57 58 59 68 
53 56 58 59 60 62 
56 58 59 60 61 62 67 
59 60 61 62 63 64 67 
60 61 62 63 64 67 
61 62 63 64 65 66 67 
63 64 65 66 67 81 
56 62 63 64 65 66 67 68 69 
58 62 66 67 68 69 70 
70 71 72 73 74 79 98 
72 73 74 75 79 98 
75 76 77 78 79 95 98 
75 76 77 78 79 95 98 
77 78 79 80 95 96 
78 79 80 81 82 96 
65 79 80 81 82 96 
85 86 87 88 89 115 
85 86 87 88 89 90 
33 88 89 90 91 92 
77 78 79 93 94 95 96 97 
66 77 79 94 95 96 97 
66 79 95 96 97 98 99 
97 98 99 100 101 102 
97 100 101 102 103 104 
40 45 101 102 103 104 105 
37 40 103 104 105 106 107 
37 104 105 106 107 108 
38 106 107 108 109 113 
87 112 113 114 115 116 
30 89 114 115 116 117 118 

14 16 17 18 19 21 
28 29 30 31 32 116 
33 34 35 36 88 112 
35 36 37 88 112 113 
35 36 37 38 109 112 
38 39 40 41 42 97 103 
40 41 42 43 44 49 101 
54 55 56 57 58 59 
54 55 56 57 58 59 
66 67 68 69 70 71 
69 70 71 72 73 74 
84 85 86 87 88 115 
33 36 84 85 87 88 89 90 
77 90 94 95 96 97 
97 98 99 100 101 102 
39 97 99 100 101 102 
39 97 100 101 102 103 104 
108 109 110 111 112 113 
30 114 115 116 117 118 
117 118 119 120 121 122 123 
124 125 126 127 128 129 
6 125 126 127 128 129 
6 126 127 128 129 130 

1 2 3 4 5 6 
5 6 7 8 9 128 
6 7 8 9 10 11 128 129 
8 9 10 11 12 130 
16 17 18 19 20 21 
29 30 31 32 33 115 116 
29 30 31 32 33 115 
35 36 37 38 43 90 
36 37 38 39 88 89 90 
36 37 38 39 40 41 42 
39 40 41 42 43 44 47 
39 40 41 42 43 44 
36 41 42 43 44 47 
36 39 41 42 43 44 45 46 47 
41 42 43 44 46 47 48 
57 58 59 60 62 63 
65 66 67 68 69 78 81 82 
66 67 68 69 78 82 
65 67 78 80 81 82 
67 68 78 81 82 83 84 
37 38 86 87 88 89 
34 89 90 91 92 98 
91 92 93 94 97 98 
92 93 94 95 96 97 
79 93 94 95 96 97 
79 92 93 96 97 98 
97 98 99 100 101 102 
97 100 101 102 103 104 
114 115 116 117 118 122 

2 3 4 5 6 125 
4 5 6 7 9 128 
6 7 8 9 10 11 
15 17 18 19 20 21 
18 19 20 21 22 23 
20 21 22 23 24 25 
23 24 25 26 27 28 
24 25 26 27 28 29 30 
24 25 26 27 28 29 
26 27 28 29 30 31 
26 29 30 31 89 116 
29 30 31 32 33 89 116 
31 32 33 34 114 115 
32 33 34 35 114 115 
34 35 36 37 97 115 
35 36 37 38 39 115 
38 39 40 41 42 97 
40 41 42 43 44 101 
41 51 52 53 54 55 
52 53 54 55 56 58 
60 62 63 64 65 66 67 81 
62 65 66 67 68 69 80 
66 67 68 69 70 71 
73 74 75 76 77 78 
71 76 77 78 79 99 
71 77 78 79 80 81 98 99 
67 79 80 81 82 98 
65 79 80 81 82 98 
81 82 83 84 85 98 
86 87 88 89 90 91 
36 38 87 88 89 90 115 
33 86 87 90 91 92 93 97 
33 91 92 93 94 95 
33 77 93 94 95 96 
33 91 94 95 96 97 
91 96 97 98 99 102 
79 97 98 99 100 101 
32 34 35 113 114 115 
31 32 34 35 113 114 115 116 117 
30 31 32 89 115 116 117 118 

4 5 6 7 9 128 
1 6 7 8 9 128 
9 10 11 12 14 129 
20 21 22 23 24 25 
30 31 32 33 34 114 
31 32 33 34 35 114 
32 33 34 35 36 114 
33 34 35 36 113 114 
34 35 36 37 38 113 
41 45 46 47 48 52 
46 47 48 49 50 51 52 
51 52 53 54 55 101 
63 64 65 66 67 79 81 
62 63 64 65 66 67 81 
62 63 65 66 67 68 69 
62 66 67 68 69 71 
62 63 67 68 69 70 71 72 
67 69 71 72 73 74 
74 75 76 77 99 100 
75 76 77 78 81 95 99 
65 77 78 79 80 81 
64 65 78 79 80 81 
78 79 80 81 83 85 86 
65 77 79 80 81 82 83 99 
80 81 82 83 84 85 
38 80 83 84 85 86 
80 84 85 86 87 88 98 
33 86 87 88 89 90 91 98 
88 89 90 91 94 98 
90 91 92 93 94 95 98 
90 91 92 93 94 95 96 
77 93 94 95 96 97 98 
92 93 94 95 96 97 98 
77 95 96 97 98 99 100 
76 98 99 100 101 102 
97 100 101 102 103 104 
97 100 101 102 103 104 
33 34 35 112 113 114 115 
11 12 13 127 128 129 130 

1 2 3 4 7 8 
1 2 3 4 5 7 
1 4 5 6 7 8 11 
1 2 5 6 7 8 9 11 
1 2 8 9 10 11 
1 9 10 11 12 13 
29 30 31 114 116 118 
31 32 33 34 35 114 115 
32 33 34 35 36 115 
33 34 35 36 113 115 
38 39 40 41 42 43 
40 41 42 43 44 45 54 
43 46 47 48 49 53 
41 47 48 49 50 51 
38 41 47 48 49 50 
38 41 48 49 50 51 
41 43 47 52 53 54 55 
42 43 53 54 55 56 
64 65 66 76 77 81 96 
65 66 67 68 72 76 77 
67 68 69 70 71 72 73 
67 68 69 70 71 72 
71 72 73 74 75 76 
73 74 75 76 77 78 
65 66 67 73 74 75 76 77 78 
65 66 75 76 77 78 81 95 
75 76 77 78 79 80 81 
78 79 80 81 82 83 
65 77 80 81 82 83 
64 65 80 81 82 83 84 
87 88 89 90 91 98 99 
33 89 90 91 92 93 98 
93 94 95 96 97 98 
94 95 96 97 98 99 
97 100 101 102 103 104 105 
102 103 104 105 106 107 
31 32 35 113 114 115 116 
116 117 118 119 120 121 
118 119 120 121 122 123 
27 120 121 122 123 124 125 
121 122 123 124 125 126 

1 3 4 5 6 7 
3 4 5 6 7 8 
4 5 6 7 8 128 
4 5 6 7 8 9 13 128 130 
5 6 7 8 9 13 
7 8 9 10 11 12 13 
8 9 10 11 12 13 15 
8 9 12 13 14 15 
21 22 23 24 25 26 
30 31 32 33 115 116 
31 32 33 34 35 115 
34 35 36 37 38 115 
35 38 39 40 41 42 
39 41 42 43 44 45 
42 43 44 45 46 47 
41 42 44 45 46 47 
41 44 45 46 47 48 
52 53 54 55 56 101 
52 53 54 55 56 101 
53 54 55 56 57 101 
55 56 57 58 59 61 
57 58 59 60 61 62 63 
60 61 62 63 64 65 
62 64 65 66 81 82 
66 67 68 69 70 71 76 
68 69 70 71 72 73 
70 73 74 75 76 77 
75 76 77 78 79 95 
75 76 77 78 79 80 
65 80 81 82 83 86 
80 81 82 83 84 86 
78 83 84 85 86 87 88 96 
85 86 87 88 96 97 98 
86 87 88 89 90 91 
28 88 89 90 91 92 
33 88 89 90 91 92 93 97 
90 91 92 93 94 97 
91 92 93 94 95 97 
86 87 96 97 98 99 
97 101 102 103 104 113 
104 110 111 112 113 114 
32 113 114 115 116 117 
125 126 127 128 129 130 
1 6 7 127 128 129 130 

1 2 3 4 7 9 
4 5 6 7 128 129 
5 6 7 8 9 129 130 
6 7 8 9 10 130 
7 8 9 10 13 130 
11 12 13 14 15 16 
26 27 28 29 30 124 
26 27 28 29 30 117 
28 29 30 31 116 117 
30 31 32 33 115 116 
31 32 33 34 114 115 
33 34 35 36 113 114 115 
34 35 36 37 39 113 115 
35 36 37 38 39 115 
40 41 42 43 44 45 
42 43 44 45 46 47 
51 52 53 54 55 99 
52 53 54 55 99 100 101 106 
51 52 53 54 55 56 57 
58 59 60 61 62 63 65 
61 62 63 64 65 66 67 81 
61 62 66 67 68 69 
68 70 71 72 73 74 
73 74 75 76 77 78 103 
74 75 76 77 78 95 
60 65 80 81 82 83 
60 80 81 82 83 87 98 
84 85 86 87 88 98 
82 84 86 87 88 89 98 
33 89 90 91 92 96 
33 90 91 92 93 94 95 96 97 
77 91 93 94 95 96 97 
77 90 91 95 96 97 98 102 
90 91 95 96 97 98 99 100 102 
96 97 98 99 100 101 
53 59 97 98 99 100 101 
53 98 99 100 101 102 
53 98 99 100 101 102 103 104 105 
97 100 101 102 103 104 
105 106 107 108 109 110 
32 33 34 112 113 114 115 116 
32 112 113 114 115 116 
30 114 115 116 117 118 
28 29 30 116 117 118 119 
28 118 119 120 121 122 123 124 
28 120 121 122 123 124 
121 122 123 124 125 126 127 
120 121 123 124 125 126 
6 7 8 127 128 129 130 
7 8 9 13 126 128 129 130 

4 5 6 7 8 128 
14 15 16 17 18 19 
22 23 24 25 26 29 
21 22 23 24 25 26 
26 27 28 29 30 31 
33 34 35 36 37 46 
35 36 37 38 39 42 46 
37 38 39 40 41 42 
39 41 42 43 44 46 
45 46 47 48 49 50 
50 51 52 53 54 86 
61 62 64 65 66 67 68 
62 64 66 67 68 69 70 
74 75 76 77 78 95 96 
75 76 77 78 79 95 
77 78 79 80 81 82 
65 79 80 81 82 83 84 
79 80 81 82 83 84 87 
82 83 84 85 87 88 
81 83 84 85 86 87 
52 84 85 86 87 88 
83 86 87 88 89 98 
86 87 88 89 90 98 
33 34 89 90 91 92 99 100 
90 91 92 93 94 99 
76 77 93 94 95 96 97 98 
91 92 93 98 99 100 
105 106 107 108 109 110 
108 109 110 111 112 114 
109 110 111 112 113 114 115 116 
30 109 114 115 116 117 118 
6 124 125 126 127 128 

1 3 4 5 6 7 
1 4 5 6 7 128 
1 5 6 7 8 9 
18 19 20 21 22 23 
27 28 29 30 31 32 
28 29 30 31 32 116 
33 34 35 36 37 38 
42 43 44 45 46 90 
44 45 46 47 48 113 
46 47 48 49 50 113 
48 49 50 51 52 53 
50 51 52 53 54 98 
62 63 64 65 66 81 82 
64 65 66 67 81 82 
62 67 69 70 71 72 
62 69 70 71 72 73 78 
70 71 72 73 74 75 
70 71 72 73 74 75 
72 73 74 75 76 77 
75 76 77 78 79 95 
77 78 79 80 81 83 
78 79 80 81 82 83 
65 71 78 79 80 81 82 83 
63 64 65 81 82 83 
78 79 80 81 82 83 84 85 
78 82 83 84 85 86 
84 85 86 87 88 89 98 
41 85 86 87 88 89 
41 87 88 89 90 91 
43 46 89 90 91 115 
50 53 97 98 99 100 
50 91 92 98 99 100 
49 98 99 100 101 102 
97 100 101 102 103 104 
101 102 103 104 105 106 

1 3 4 5 6 7 14 
8 9 10 11 12 13 
13 14 15 16 17 130 
10 11 13 14 15 16 17 18 
10 16 17 18 19 20 21 
20 21 22 23 24 25 
27 28 29 30 31 32 
28 29 30 31 32 116 
29 30 31 32 33 35 119 
38 40 41 42 43 44 
36 37 38 44 45 46 47 48 
48 49 50 51 52 87 113 
51 52 53 54 100 101 
55 56 57 58 59 60 
56 57 58 59 60 61 62 
59 60 61 62 63 64 
64 65 66 67 68 69 80 81 
66 67 68 69 70 71 
69 70 71 72 73 74 
73 74 75 76 77 79 80 
66 69 75 79 80 81 
65 71 79 80 81 82 
86 87 88 89 92 98 113 
87 89 90 91 92 115 
89 90 91 92 93 94 115 
89 91 92 93 94 98 112 
91 92 93 94 95 98 
91 92 93 94 95 96 98 
77 93 94 95 96 98 
53 54 98 99 100 101 102 
54 97 99 100 101 102 
97 99 100 101 102 103 104 

1 2 3 4 5 6 
4 5 6 7 14 128 
12 13 14 128 129 130 
6 12 13 14 15 16 128 
1 14 15 16 17 18 
14 16 17 18 19 20 21 
18 19 20 21 22 23 
20 21 22 23 24 25 
23 24 25 26 27 28 
27 28 29 30 31 115 
28 29 30 31 115 116 118 
39 40 41 42 43 44 
34 45 46 47 48 119 
46 48 49 50 51 52 115 
49 50 51 52 53 117 
50 51 52 53 54 117 
51 52 53 54 100 101 
52 53 54 55 56 101 
56 57 58 59 60 61 
56 57 58 59 60 61 
62 63 64 65 66 83 
62 64 65 66 67 81 82 97 
62 65 66 67 68 97 
62 65 66 67 68 69 97 102 
66 67 68 69 70 73 
67 68 69 70 71 72 73 
68 69 71 72 73 74 75 
75 76 77 78 79 95 
65 80 81 82 83 97 
89 90 91 92 93 98 113 
77 79 93 94 95 96 97 
79 93 94 95 96 97 98 
81 96 97 98 99 100 
62 97 100 101 102 103 
62 69 97 101 102 103 104 
99 103 104 105 106 107 108 
104 105 107 108 109 110 
30 114 115 116 117 118 
51 115 116 117 118 119 
33 118 119 120 121 122 
6 12 13 14 126 127 128 129 130 
11 12 13 127 128 129 130 

4 5 6 7 8 128 
4 13 14 15 16 17 
1 4 14 15 16 17 18 
16 17 18 19 20 21 
22 23 24 25 26 27 
23 24 25 26 27 28 29 
29 30 31 32 116 119 
29 30 31 32 33 119 
39 40 41 42 43 44 
44 45 46 47 48 86 
51 52 53 54 55 101 
54 55 56 57 58 59 
63 64 65 66 80 81 
65 66 67 68 69 70 
67 68 69 70 95 97 
67 68 69 70 71 72 
65 66 78 79 80 81 
50 86 87 88 90 98 
87 88 89 90 91 94 96 98 
90 91 92 93 94 98 
91 92 93 94 97 113 
66 69 90 94 95 96 97 
66 67 69 95 96 97 98 99 
97 99 100 101 102 103 
110 111 112 113 114 117 
30 115 116 117 118 119 
116 117 118 119 120 121 
5 6 13 126 127 128 129 
12 13 126 128 129 130 

1 3 4 5 6 7 
1 3 4 5 6 7 8 9 
1 4 5 6 7 8 9 10 128 
1 4 5 6 7 8 9 
5 6 7 8 9 10 
5 6 8 9 10 11 
6 8 9 10 11 12 129 
14 15 16 18 21 125 
14 15 16 17 18 21 
14 16 17 18 19 20 21 
25 26 27 28 29 31 
32 33 34 35 36 37 38 
33 34 35 36 37 38 
33 34 35 36 37 38 
34 36 37 38 39 40 42 
38 39 40 41 42 43 
38 39 40 41 42 43 44 
44 45 46 47 48 49 
52 53 54 55 56 57 
55 56 57 58 60 98 
58 59 60 61 62 64 
60 62 63 64 65 66 
62 64 65 66 67 68 
62 65 66 67 68 69 
62 66 67 68 69 70 71 
57 81 82 83 84 86 87 88 98 
57 82 83 84 85 86 87 
81 82 83 84 85 86 
82 84 85 86 87 88 
82 83 86 87 88 98 
86 87 88 89 91 98 
88 89 90 91 92 94 97 113 
77 93 94 95 96 97 
80 94 95 96 97 98 
88 91 94 95 96 97 98 99 
103 104 105 106 107 108 
105 106 107 108 109 110 111 
103 109 110 111 112 113 
103 109 110 111 112 113 114 
30 114 115 116 117 119 
11 125 126 127 128 129 
6 10 11 126 127 128 129 
10 11 127 128 129 130 

1 2 3 4 7 8 
1 2 3 4 5 6 
1 2 3 4 5 6 7 8 
4 5 6 7 8 128 
1 5 6 7 8 9 13 
27 28 29 30 31 118 
28 29 30 31 116 117 118 
45 46 47 48 49 50 
48 49 50 51 103 119 
51 52 53 54 55 56 57 101 
52 53 54 55 56 57 
52 53 54 55 56 57 58 
52 53 54 55 56 57 58 101 
53 54 55 56 57 58 100 101 
76 77 78 79 95 96 
76 77 78 79 80 99 
65 79 80 81 82 83 
81 82 83 84 85 86 87 
82 83 84 85 86 87 
83 84 85 86 87 90 
83 85 86 87 88 89 90 98 
86 87 88 89 90 91 
86 87 88 89 90 91 98 
89 90 91 92 97 98 113 
91 92 93 94 97 113 
92 95 96 97 98 99 
54 96 97 98 99 100 101 
54 78 96 97 98 99 100 
54 57 98 99 100 101 
53 98 100 101 102 103 
97 98 101 102 103 104 
50 101 102 103 104 105 119 
50 102 103 104 105 115 119 
91 104 112 113 114 115 
50 104 113 114 115 116 118 
30 50 114 115 116 117 118 
49 50 115 116 117 118 119 
115 117 118 119 120 121 122 
115 119 120 121 122 123 
119 120 121 122 123 124 
119 120 121 122 123 124 
6 126 127 128 129 130 

7 8 9 10 11 12 13 
7 9 10 11 12 13 
18 19 20 21 22 23 
18 20 21 22 23 24 
29 30 31 32 33 116 
30 31 32 33 34 119 120 
30 31 32 33 34 35 
46 47 48 49 50 54 119 
34 48 49 50 51 119 
62 64 65 66 67 81 
62 65 66 67 68 69 
67 68 69 70 72 73 74 75 
68 70 71 72 73 74 100 
68 72 73 74 75 76 99 100 
67 68 72 73 74 75 76 
73 74 75 76 77 78 79 
75 76 77 78 79 95 
76 77 78 79 94 95 
75 76 79 80 81 82 
64 80 81 82 83 84 
85 86 87 88 89 90 
87 89 90 91 92 93 98 113 
87 90 91 92 93 94 
78 92 93 94 95 96 97 
77 78 93 94 95 96 97 
93 94 95 96 97 98 
97 99 100 101 102 103 
97 101 102 103 104 105 
101 102 103 104 105 106 
102 103 104 105 106 107 
106 107 108 109 110 112 
108 109 110 111 112 113 
30 89 114 115 116 117 
32 117 118 119 120 121 

1 2 3 4 5 6 
4 5 6 7 8 128 
1 4 6 7 8 128 129 
3 6 7 8 9 10 
33 34 35 36 37 40 
43 45 46 47 48 119 
47 48 49 50 51 119 
48 49 50 51 117 118 119 
49 50 51 53 88 117 
48 49 50 51 52 53 
59 60 61 62 63 64 65 
62 63 64 65 66 67 
63 64 65 66 67 80 81 
62 64 66 67 68 69 
73 74 75 76 77 78 79 
75 76 77 78 79 80 95 97 
76 77 78 79 82 97 
65 66 79 80 81 82 
65 77 80 81 82 83 85 
77 78 80 81 82 83 84 
81 82 83 84 85 94 95 
81 83 84 85 86 87 88 
56 63 84 85 86 87 
50 85 87 88 89 90 
88 89 90 91 92 113 
90 91 92 93 94 98 
83 91 93 94 95 96 
77 83 91 94 95 96 
91 94 95 96 97 98 
97 98 99 100 101 102 
110 111 112 113 114 115 117 
111 113 114 115 116 117 
49 115 116 117 118 119 
116 117 118 119 120 121 
6 7 126 127 128 129 
7 10 127 128 129 130 
7 10 13 128 129 130 

1 2 3 4 15 16 130 
1 2 3 4 5 13 130 
1 4 13 14 15 16 130 
1 14 15 16 17 18 130 
1 16 17 18 19 20 
53 54 55 56 57 58 59 
55 56 57 58 59 61 
55 56 57 58 59 61 
57 58 59 60 61 62 
60 61 62 63 64 65 
62 63 64 65 66 67 81 
72 73 74 75 76 77 97 
73 74 75 76 77 97 
73 76 77 78 95 97 
66 78 79 80 81 82 
65 66 80 81 82 83 
66 79 80 81 82 83 84 
79 82 83 84 85 86 
83 84 85 86 87 92 
89 90 91 92 93 94 98 
89 90 91 92 93 94 
91 93 94 95 96 98 
77 93 94 95 96 97 98 
94 95 96 97 98 99 
98 99 101 102 103 104 
109 110 111 112 113 114 
115 116 117 118 119 120 
2 126 127 128 129 130 
1 13 127 128 129 130 

4 5 6 7 8 13 
4 7 8 9 10 13 
20 22 23 24 25 26 
25 26 27 28 29 115 
27 29 30 31 32 86 116 
27 30 31 32 33 34 
46 47 48 49 50 51 
50 51 52 53 54 56 
51 52 53 54 55 67 
54 55 56 57 58 62 
56 57 58 59 60 62 
63 64 65 66 80 81 
62 63 66 67 68 69 
63 71 72 73 74 75 
75 76 77 78 94 95 96 
76 77 78 79 91 94 98 
64 78 79 80 91 92 98 
64 65 79 80 81 90 91 
65 80 81 82 83 89 90 
81 82 83 84 85 87 88 
83 84 85 86 87 88 
85 86 87 88 113 114 
81 83 85 86 87 88 89 
80 81 89 90 91 100 
79 80 90 91 92 97 
79 80 91 92 93 94 97 
77 79 91 92 93 94 95 96 97 
77 93 94 95 96 97 
77 94 95 96 97 98 
91 94 96 97 98 100 101 
96 97 98 99 100 101 
66 97 98 99 100 101 
97 98 99 100 101 102 
97 98 99 100 101 102 
100 101 102 103 104 109 
101 102 103 104 105 106 109 
4 6 13 14 128 129 130 

7 8 9 10 11 12 
14 15 16 17 18 35 
1 16 17 18 19 21 
21 22 23 24 26 28 
23 24 26 27 28 29 
38 39 40 41 42 45 
38 39 40 41 42 43 
40 42 43 44 45 46 
48 49 50 51 52 54 
50 51 52 53 54 58 
50 52 53 54 58 69 
50 51 52 53 54 55 58 69 
54 55 56 57 58 69 
55 56 57 58 59 60 69 
61 62 63 64 65 66 
64 65 66 67 68 81 
66 67 68 69 76 78 80 
67 68 69 70 71 76 
69 70 71 72 73 76 
69 70 73 74 75 76 77 98 
75 76 77 78 79 95 98 
77 78 79 80 81 83 84 
68 78 79 80 81 82 83 
86 87 88 89 90 113 
87 89 90 91 92 93 
90 91 92 93 94 96 
84 90 92 93 94 95 96 
92 93 94 95 96 97 98 
93 95 96 97 98 100 
87 111 112 113 114 115 
30 114 115 116 117 118 
124 125 126 127 128 129 

1 16 17 18 19 20 
32 33 34 35 36 37 
50 51 52 53 54 55 
51 52 53 54 55 56 
50 53 54 55 56 57 
58 59 60 61 62 63 
63 64 65 81 82 83 
62 65 66 67 68 69 
76 77 78 79 95 96 
63 64 65 81 82 83 84 85 
85 86 87 88 89 113 
88 89 90 91 92 93 96 
77 91 93 94 95 96 97 
77 91 95 96 97 98 
97 99 100 101 102 103 104 
4 13 125 126 127 128 

4 5 6 7 8 128 130 
5 6 7 8 128 130 
7 8 9 10 11 12 13 
26 27 28 29 32 33 
28 29 30 31 32 33 
29 30 31 32 54 116 118 
28 29 30 31 32 33 54 
27 28 29 31 32 33 34 35 
39 40 41 42 43 44 45 
52 54 55 56 57 58 
55 56 57 58 59 60 
57 58 59 60 61 62 
58 59 60 61 62 67 
59 60 61 62 63 64 65 
59 60 61 62 63 64 67 
61 62 63 64 65 66 
60 61 63 64 65 66 81 
63 64 65 66 67 81 
75 76 77 78 79 82 
76 77 78 82 90 95 
76 77 78 79 80 82 83 
70 79 80 81 82 84 
77 78 80 81 82 83 84 
82 83 84 85 86 87 89 90 
83 86 87 88 89 90 
77 83 88 89 90 91 95 
88 89 90 91 92 94 95 97 
77 90 91 94 95 96 97 
30 114 115 116 117 118 
115 116 117 118 119 121 
115 116 117 118 119 120 
115 118 119 120 121 122 123 
10 123 124 125 126 127 128 
1 6 126 128 129 130 
1 6 7 13 128 129 130 

8 11 12 13 14 130 
8 12 13 14 15 16 130 
27 28 29 30 31 116 117 118 
29 30 31 32 33 116 117 
32 33 34 35 38 39 
33 34 35 36 37 38 39 
35 36 37 38 39 40 50 
34 35 36 37 38 39 40 
34 35 36 38 39 40 41 
33 35 46 47 48 49 50 
33 35 48 49 50 51 
35 48 49 50 51 52 
58 59 60 61 62 63 83 
58 59 60 61 62 63 65 
58 59 60 61 62 63 64 
59 60 61 62 63 64 
62 63 64 65 66 89 
61 63 64 65 66 67 81 
75 76 77 78 79 95 97 
76 77 78 79 80 91 92 
65 79 80 81 82 83 
85 86 87 88 89 109 
87 88 89 90 104 107 
77 78 91 92 93 94 97 
77 92 93 94 95 96 97 
99 100 101 102 103 107 
102 103 104 105 106 107 
107 108 109 110 111 113 
109 110 111 112 113 115 
111 112 113 114 115 116 
30 31 114 115 116 117 
30 115 116 117 118 119 
115 117 118 119 120 121 

4 5 6 7 8 128 
7 8 9 10 11 12 
1 16 17 18 19 21 24 
18 19 20 21 22 24 
29 30 31 32 116 118 
62 63 64 65 66 81 
70 71 72 73 74 79 
78 79 80 81 82 83 
65 79 80 81 82 83 
71 79 80 81 82 83 84 
84 85 86 87 88 89 
85 86 87 88 89 91 97 
89 90 91 92 97 113 
76 77 94 95 96 97 
93 95 96 97 98 99 101 
99 100 101 102 103 107 
100 101 102 103 104 105 
102 104 105 106 107 108 
121 122 123 124 125 127 
8 123 124 125 126 127 128 
122 123 124 125 126 127 128 
4 6 13 126 127 128 129 
1 4 13 127 128 129 130 

1 2 3 4 5 18 
5 6 7 8 128 129 130 
6 7 8 9 10 13 16 129 130 
5 6 7 8 9 10 13 
7 8 9 10 11 13 
7 8 9 10 11 13 14 
10 11 12 13 14 15 
6 7 14 15 16 17 18 130 
1 4 16 17 18 19 
18 19 20 21 22 126 
21 22 23 24 123 126 
28 29 30 31 32 116 
29 30 31 32 33 34 
49 50 51 52 53 119 
50 51 52 53 54 89 
53 54 55 56 57 89 
55 56 57 58 59 79 
56 57 58 59 60 78 79 
56 57 58 59 60 61 
58 59 60 61 62 79 
58 59 60 61 62 63 
60 62 63 64 65 66 
64 65 66 67 68 80 81 
70 71 72 73 74 75 
65 66 80 81 82 84 
81 82 83 84 85 86 
82 83 84 85 86 87 
87 88 89 90 97 101 
88 89 90 91 94 97 
89 90 91 92 93 94 97 102 
91 92 93 94 96 102 
91 92 93 94 95 96 
90 91 92 93 94 95 97 
77 91 93 94 95 96 97 
91 93 95 96 97 100 101 
91 95 96 97 98 99 100 101 
97 98 99 100 101 103 
91 96 97 99 100 101 102 103 
102 103 104 105 106 107 
107 108 109 110 111 112 
107 108 109 110 111 112 
109 110 111 112 113 114 
109 111 112 113 114 115 117 
7 8 10 128 129 130 
6 7 10 127 128 129 130 

1 2 3 4 13 127 
4 5 6 7 8 10 128 
7 10 11 12 13 128 
13 14 15 16 17 18 
15 16 17 18 19 21 
29 31 32 33 34 50 
32 33 34 35 36 50 
35 36 37 38 49 50 
35 36 37 38 39 40 41 
36 37 38 39 40 41 52 
37 38 39 40 41 42 
40 41 42 43 44 45 
43 44 45 46 47 48 
43 45 46 47 48 49 50 
51 52 53 54 55 113 
52 53 54 55 56 113 
61 62 63 64 65 82 
63 64 65 66 67 71 
63 65 66 67 68 69 
66 67 69 70 71 72 73 
74 75 76 77 78 79 95 
76 77 78 79 95 96 
65 80 81 82 83 84 
88 89 90 91 92 93 94 
76 91 92 93 94 95 97 
76 77 94 95 96 97 
77 94 95 96 97 98 
91 97 99 100 101 102 
100 101 102 103 104 107 
100 101 102 103 104 107 
102 103 104 105 106 107 
104 105 106 107 108 109 
102 104 106 107 108 109 
1 4 6 125 126 127 128 129 
4 6 10 12 13 14 126 127 128 129 
14 126 127 128 129 130 

1 2 3 4 17 18 
10 11 12 13 14 15 
4 13 15 16 17 18 
1 4 17 18 19 21 
17 18 19 20 21 129 130 
29 30 31 32 33 34 113 
33 34 35 36 113 114 
35 36 37 47 112 113 
35 36 37 38 39 43 
37 38 39 40 42 43 
39 41 42 43 44 46 
43 44 45 46 47 48 49 
36 46 47 48 53 113 
33 45 46 47 48 49 50 
33 45 46 48 49 50 51 52 
46 48 49 50 51 52 
52 53 54 55 56 57 
58 59 60 61 62 63 64 
58 59 61 62 63 64 
63 65 66 67 68 69 70 81 
65 66 67 68 69 70 81 
66 67 68 69 70 71 
66 67 68 69 70 71 72 
70 71 72 73 74 79 
72 73 74 75 76 79 
75 76 77 78 79 95 96 
64 65 80 81 82 83 84 85 
82 83 84 85 86 87 101 
86 87 88 89 99 101 
87 88 89 90 91 93 
89 90 91 92 93 97 98 99 
89 90 91 92 93 97 
89 91 92 93 94 95 97 99 
85 87 91 93 94 95 97 99 
77 78 85 93 94 95 96 97 99 
78 95 96 97 98 99 
91 96 97 98 99 100 
87 91 98 99 100 101 
106 108 109 110 111 112 
34 35 110 112 113 114 115 
8 124 125 126 127 128 
8 125 126 127 128 129 
6 125 126 127 128 129 130 
19 20 125 128 129 130 

1 2 3 4 14 18 
1 2 3 4 5 6 7 13 
4 5 6 7 8 128 
4 5 6 7 8 13 128 
6 7 8 9 10 13 128 
7 8 9 10 11 127 128 
7 9 10 11 12 13 128 
10 11 12 13 14 129 
12 13 14 15 16 129 130 
29 30 31 32 116 118 
34 35 36 37 38 41 
34 35 36 37 38 39 
36 38 39 40 41 42 
34 36 40 41 42 43 
41 42 43 44 45 46 
41 44 45 46 47 48 
33 49 50 51 52 53 
50 51 52 53 54 115 
50 52 53 54 113 114 115 
62 63 64 65 66 67 81 
65 66 67 68 80 81 
69 71 72 73 74 75 
67 69 79 80 81 82 
65 67 80 81 82 83 
79 80 81 82 83 84 
86 87 88 92 101 107 
89 90 91 92 93 98 101 
86 87 88 90 91 92 93 101 
91 92 93 94 95 96 97 101 
102 103 104 105 106 110 
105 106 107 108 109 110 
106 107 109 110 111 112 
53 112 113 114 115 116 117 
52 53 114 115 116 117 
8 10 126 127 128 129 
6 8 10 127 128 129 
10 13 14 128 129 130 

1 2 18 126 127 128 
1 2 3 4 6 10 15 16 
2 3 4 5 6 7 
2 4 5 6 7 128 
10 11 12 13 14 15 
3 10 13 14 15 16 17 
2 3 10 15 16 17 18 
1 15 16 17 18 19 20 
1 16 17 18 19 20 130 
26 31 32 33 34 35 
25 26 32 33 34 35 
31 32 33 34 35 36 37 41 
31 35 36 37 38 39 41 
29 47 48 49 50 113 115 
52 53 54 55 56 113 
58 59 60 61 103 104 
61 62 63 65 66 86 
62 63 64 65 66 67 81 
62 65 66 67 68 69 81 
67 68 69 70 79 96 98 
69 70 71 72 73 75 
73 74 75 76 77 78 
69 75 77 78 79 80 
67 68 69 78 79 80 
67 69 78 79 80 81 82 
65 67 80 81 82 83 85 
92 93 94 95 96 97 
77 92 93 94 95 96 97 
68 69 79 94 95 96 97 98 
53 56 111 112 113 114 
1 124 125 126 127 128 
10 125 127 128 129 130 

1 2 3 4 23 124 127 
1 2 3 6 18 23 127 
1 2 3 4 5 6 
1 3 4 5 6 7 128 
28 29 30 31 32 116 
33 34 35 36 37 43 
35 36 37 38 42 43 45 
37 41 42 43 44 45 
57 58 59 60 61 62 
59 60 61 62 63 64 
63 64 65 66 80 81 97 
63 64 65 66 67 97 
63 66 67 68 69 97 
76 77 78 79 80 95 
65 66 77 78 79 80 81 82 
65 79 80 81 82 83 
85 86 87 88 89 103 107 
88 89 90 91 92 93 98 
90 91 92 93 94 98 
75 76 77 95 96 97 98 
75 96 97 98 99 101 
98 99 100 101 102 103 
31 111 112 113 114 115 
30 113 114 115 116 117 118 
113 114 116 117 118 119 
112 117 118 119 120 121 122 
25 29 119 121 122 123 
25 121 122 123 124 125 
1 23 124 126 127 128 

2 3 4 5 6 7 
3 4 5 6 7 14 
3 4 5 6 7 8 128 
8 9 10 11 12 13 
7 11 12 13 14 15 16 
2 15 16 17 18 19 
29 30 31 32 33 116 
39 40 41 42 43 44 45 
50 51 52 53 54 57 
50 51 52 53 54 115 
50 52 53 54 55 56 
58 59 60 61 62 63 
61 62 63 64 65 66 
64 65 66 67 81 96 
63 64 65 66 67 68 95 96 
65 66 67 68 69 78 
69 76 77 78 94 95 
64 65 80 81 82 83 
64 79 80 81 82 83 
77 91 92 93 94 95 97 
65 66 95 96 97 100 
62 100 101 102 103 104 
102 103 104 105 106 108 
103 104 105 106 108 109 
105 106 107 108 109 110 113 
105 107 108 109 110 111 113 
108 109 110 111 112 113 
29 30 114 115 116 117 
6 125 126 127 128 129 

1 2 3 4 18 24 
3 4 5 6 7 14 
3 4 5 6 7 12 14 128 
2 23 24 25 26 27 
28 29 30 31 32 116 123 
29 31 32 33 34 35 
42 43 44 45 47 50 
43 44 45 46 47 50 
45 46 47 48 49 50 
44 45 47 48 49 50 
47 48 49 50 51 54 
51 52 53 54 55 107 118 119 
55 56 57 58 59 60 
55 56 57 58 59 60 
62 63 64 65 66 67 101 
64 65 66 67 68 79 81 
64 65 66 67 79 97 
65 66 67 68 69 70 
67 68 69 70 71 72 
84 86 87 88 90 107 119 
88 89 90 91 92 93 
89 90 91 92 93 94 
62 100 101 102 103 104 
101 103 104 105 106 107 108 
52 53 105 106 107 108 109 
115 116 117 118 119 121 
87 117 118 119 120 121 

3 4 5 6 7 128 
4 5 6 7 8 9 
30 31 32 33 115 116 
32 33 34 35 36 45 
41 42 43 44 45 46 
46 47 48 49 51 52 113 
47 48 49 50 51 113 
48 49 50 51 52 113 
62 63 64 65 66 81 
62 64 65 66 67 68 
76 77 78 79 80 95 98 
77 78 79 80 95 98 
77 78 79 80 81 82 84 98 
76 77 79 80 81 82 98 99 
64 65 79 80 81 82 
59 82 83 84 85 99 103 
84 85 86 87 88 89 106 107 
86 87 88 89 106 107 119 
84 86 87 88 89 90 91 98 
78 88 89 90 91 94 98 
88 90 91 92 93 94 
91 92 93 94 95 96 97 
78 90 91 92 93 94 95 96 98 
77 78 93 94 95 96 97 98 
93 94 95 96 97 98 
99 100 101 102 103 104 
62 100 101 102 103 104 
83 84 85 99 100 101 102 103 104 
85 99 100 101 102 103 104 105 
84 85 99 104 105 106 107 
86 87 104 105 106 107 108 
104 105 106 107 108 111 
104 107 108 109 110 111 
6 7 125 126 127 128 129 
6 14 125 126 127 128 129 
14 125 127 128 129 130 

