142.640503 2.790972 3.048563 4.518638 7.096766 0.903474 1.210588 0.166429 0.064431 0.935569 1
220.897980 1.490315 1.770453 1.116964 0.138928 0.941593 3.857316 0.123854 0.231462 0.768538 1
169.097504 2.014239 1.742833 7.911829 9.018493 0.857638 0.381544 0.129659 0.251305 0.748695 1
1028.337402 0.178732 0.317354 0.670751 -1.846307 0.989856 0.325725 0.063762 0.044373 0.955627 2
712.772949 0.306919 0.408420 0.013492 -0.524816 0.981222 0.200050 0.082827 0.190040 0.809960 2
439.190002 0.569699 0.633465 1.032547 3.182590 0.932416 0.769220 0.112253 0.019103 0.980897 1
712.770935 0.306920 0.408421 0.013492 -0.524850 0.981221 0.200050 0.082823 0.190039 0.809961 2
121.532509 0.000000 3.343960 33.160597 -14.073792 0.893131 0.000000 0.558229 0.062274 0.937726 1
328.037964 0.716568 1.192870 2.734161 -0.575927 0.992748 0.000000 0.160088 -0.066366 1.066365 1
231.530029 0.000000 1.304179 12.762790 -7.313169 0.946828 0.000000 0.151738 0.316983 0.683017 1
255.767990 0.000000 1.732802 17.049021 4.034060 0.927110 0.000000 0.127137 0.154683 0.845317 1
251.889496 1.186950 1.155321 3.493827 -2.738753 0.966017 0.674129 0.133975 -0.055589 1.055589 1
438.783447 0.541575 0.819306 1.175787 -7.650433 0.876686 1.199043 0.160861 0.174056 0.825944 1
251.887482 1.186960 1.155331 3.493856 -2.738743 0.966017 0.674128 0.133984 -0.055588 1.055588 1
1112.627930 0.158670 0.203556 0.217619 -5.350202 0.988236 0.000000 0.054037 0.064556 0.935444 2
489.712067 0.000000 0.648977 6.210765 5.508368 0.980548 0.000000 0.167068 0.059813 0.940187 1
1112.623535 0.158671 0.203557 0.217621 -5.350255 0.988236 0.000000 0.054036 0.064556 0.935444 2
973.494873 0.000000 0.289446 2.615463 -4.160397 0.986230 0.000000 0.065762 0.036538 0.963462 1
