320.966 0.705639 0.794326 1.1153 8.92527 0.933571 0.545917 0.243263 0.147553 0.852447 1 
1012.75 0.185971 0.222578 0.367076 1.98787 0.98507 0.475738 0.085138 0.49829 0.50171 2 
1088.92 0.179371 0.263942 0.12869 -0.354548 0.985766 0.427901 0.052897 0.208109 0.791891 2 
1094.96 0.185595 0.252138 0.066788 0.793839 0.985238 0.683803 0.047898 0.132058 0.867942 2 
235.257 0.973052 0.501091 7.37481 -1.31455 0.861757 1.52866 0.273038 0.128477 0.871523 1 
399.692 0.58393 0.971273 2.16847 9.41509 0.928126 1.08752 0.174428 0.329831 0.670169 1 
1012.75 0.185971 0.222578 0.367078 1.9879 0.985069 0.475739 0.085138 0.498288 0.501712 2 
291.51 0.802622 1.27497 2.48451 14.382 0.833112 2.92592 0.267181 0.163833 0.836167 1 
279.477 0.957338 0.990745 2.28275 -1.68368 0.98129 0.770668 0.153483 -0.02818 1.02818 1 
1088.92 0.179371 0.263942 0.128688 -0.35455 0.985765 0.427904 0.052897 0.208111 0.791889 2 
235.196 0.97331 0.576491 6.62402 -1.61511 0.861713 1.52272 0.273163 0.128588 0.871412 1 
235.256 0.973053 0.501092 7.37481 -1.31487 0.861759 1.52863 0.273039 0.128478 0.871522 1 
1094.94 0.185595 0.247975 0.108424 0.794109 0.98524 0.683817 0.047939 0.132054 0.867946 2 
291.51 0.802621 1.27497 2.48452 14.382 0.833112 2.92591 0.267179 0.163834 0.836166 1 
320.973 0.705632 0.794349 1.11499 8.92595 0.933563 0.545972 0.243291 0.147567 0.852433 1 
