320.966492 0.705639 0.794326 1.115302 8.925275 0.933571 0.545917 0.243263 0.147553 0.852447 1
1012.753113 0.185971 0.222578 0.367076 1.987869 0.985070 0.475738 0.085138 0.498290 0.501710 2
1088.918945 0.179371 0.263942 0.128690 -0.354548 0.985766 0.427901 0.052897 0.208109 0.791891 2
1094.955200 0.185595 0.252138 0.066788 0.793839 0.985238 0.683803 0.047898 0.132058 0.867942 2
235.256500 0.973052 0.501091 7.374808 -1.314548 0.861757 1.528656 0.273038 0.128477 0.871523 1
399.681519 0.583929 0.971260 2.168361 9.416407 0.928118 1.087381 0.174453 0.329814 0.670186 1
1012.753113 0.185971 0.222578 0.367078 1.987900 0.985069 0.475739 0.085138 0.498288 0.501712 2
291.510040 0.802622 1.274973 2.484506 14.382003 0.833112 2.925915 0.267181 0.163833 0.836167 1
320.973511 0.705632 0.794349 1.114986 8.925977 0.933565 0.545966 0.243302 0.147566 0.852434 1
1088.921509 0.179371 0.263942 0.128688 -0.354550 0.985765 0.427904 0.052897 0.208111 0.791889 2
1094.943970 0.185595 0.247975 0.108425 0.794090 0.985240 0.683822 0.047942 0.132053 0.867947 2
235.256012 0.973053 0.501092 7.374806 -1.314874 0.861759 1.528627 0.273039 0.128478 0.871522 1
399.681519 0.583930 0.971260 2.168344 9.416358 0.928117 1.087375 0.174455 0.329815 0.670185 1
291.510040 0.802621 1.274973 2.484522 14.382003 0.833112 2.925913 0.267179 0.163834 0.836166 1
320.973480 0.705632 0.794349 1.114986 8.925947 0.933563 0.545972 0.243291 0.147567 0.852433 1
1088.938232 0.179367 0.263433 0.123650 -0.353686 0.985766 0.427907 0.052836 0.208125 0.791875 2
1094.941895 0.185595 0.247975 0.108424 0.794109 0.985240 0.683817 0.047939 0.132054 0.867946 2
235.196014 0.973310 0.576491 6.624021 -1.615113 0.861713 1.522720 0.273163 0.128588 0.871412 1
399.691528 0.583930 0.971273 2.168466 9.415091 0.928126 1.087522 0.174428 0.329831 0.670169 1
279.476562 0.957338 0.990745 2.282755 -1.683676 0.981290 0.770668 0.153483 -0.028180 1.028180 1
118.034500 4.565577 2.126701 35.816902 7.126307 0.989630 1.508932 0.225311 0.093650 0.906350 1
756.826416 0.000000 0.484877 4.569770 -0.067578 0.981414 0.000000 0.046939 0.914463 0.085537 1
320.019012 0.851270 0.902847 1.842042 -4.335466 0.957213 0.000000 0.129217 -0.000324 1.000324 1
775.717529 0.000000 0.418281 3.903813 -1.049938 0.975311 0.000000 0.047683 0.734831 0.265169 1
