MODEL        1
minimum length of a string : 5

maxlen : 3
118 119 120 

for length : 8 

MODEL        2
minimum length of a string : 5
10 11 12 13 14 15 16 
36 37 38 39 40 41 42 43 44 45 46 
67 68 69 70 71 72 73 74 75 76 
96 97 98 99 100 101 102 103 104 105 106 107 108 109 110 111 112 113 114 115 
118 119 120 121 122 123 124 125 126 127 

maxlen : 20
96 97 98 99 100 101 102 103 104 105 106 107 108 109 110 111 112 113 114 115 

for length : 8 

MODEL        3
minimum length of a string : 5
15 16 17 18 19 20 21 22 23 24 
42 43 44 45 46 47 
106 107 108 109 110 111 112 113 114 

maxlen : 10
15 16 17 18 19 20 21 22 23 24 

for length : 8 

MODEL        4
minimum length of a string : 5
20 21 22 23 24 25 26 27 28 29 
53 54 55 56 57 58 59 
103 104 105 106 107 108 109 110 111 112 

maxlen : 10
20 21 22 23 24 25 26 27 28 29 
103 104 105 106 107 108 109 110 111 112 

for length : 8 

MODEL        5
minimum length of a string : 5
31 32 33 34 35 36 37 38 39 40 41 42 43 44 45 46 47 48 49 50 51 52 
68 69 70 71 72 73 74 
103 104 105 106 107 108 109 110 111 112 113 

maxlen : 22
31 32 33 34 35 36 37 38 39 40 41 42 43 44 45 46 47 48 49 50 51 52 

for length : 8 

MODEL        6
minimum length of a string : 5
7 8 9 10 11 12 13 14 15 16 17 
20 21 22 23 24 25 26 27 28 29 
38 39 40 41 42 43 44 45 46 47 48 
103 104 105 106 107 108 109 110 111 112 113 114 115 
118 119 120 121 122 123 124 125 126 

maxlen : 13
103 104 105 106 107 108 109 110 111 112 113 114 115 

for length : 8 

MODEL        7
minimum length of a string : 5
12 13 14 15 16 17 18 
35 36 37 38 39 40 41 42 
117 118 119 120 121 122 123 124 125 126 

maxlen : 10
117 118 119 120 121 122 123 124 125 126 

for length : 8 
35 36 37 38 39 40 41 42 

MODEL        8
minimum length of a string : 5
10 11 12 13 14 15 16 17 18 19 20 21 22 
36 37 38 39 40 41 
43 44 45 46 47 48 
96 97 98 99 100 101 102 103 104 105 106 107 108 109 110 

maxlen : 15
96 97 98 99 100 101 102 103 104 105 106 107 108 109 110 

for length : 8 

MODEL        9
minimum length of a string : 5
9 10 11 12 13 14 15 16 
36 37 38 39 40 41 
59 60 61 62 63 64 
105 106 107 108 109 110 111 112 113 114 115 

maxlen : 11
105 106 107 108 109 110 111 112 113 114 115 

for length : 8 
9 10 11 12 13 14 15 16 

MODEL       10
minimum length of a string : 5
19 20 21 22 23 24 25 26 27 
39 40 41 42 43 44 
71 72 73 74 75 76 
106 107 108 109 110 111 112 113 114 115 

maxlen : 10
106 107 108 109 110 111 112 113 114 115 

for length : 8 

MODEL       11
minimum length of a string : 5
9 10 11 12 13 14 15 16 
19 20 21 22 23 24 25 
42 43 44 45 46 47 48 49 50 51 52 
55 56 57 58 59 60 61 62 63 64 
97 98 99 100 101 102 103 104 105 106 107 108 109 110 

maxlen : 14
97 98 99 100 101 102 103 104 105 106 107 108 109 110 

for length : 8 
9 10 11 12 13 14 15 16 

MODEL       12
minimum length of a string : 5
9 10 11 12 13 14 15 16 17 18 19 20 21 22 23 
57 58 59 60 61 62 63 
106 107 108 109 110 111 112 113 114 

maxlen : 15
9 10 11 12 13 14 15 16 17 18 19 20 21 22 23 

for length : 8 

MODEL       13
minimum length of a string : 5
8 9 10 11 12 13 14 15 16 17 
37 38 39 40 41 42 43 44 45 46 47 
54 55 56 57 58 59 60 61 62 63 64 
109 110 111 112 113 114 
117 118 119 120 121 122 123 124 125 126 127 

maxlen : 11
37 38 39 40 41 42 43 44 45 46 47 
54 55 56 57 58 59 60 61 62 63 64 
117 118 119 120 121 122 123 124 125 126 127 

for length : 8 

MODEL       14
minimum length of a string : 5
14 15 16 17 18 19 
56 57 58 59 60 61 62 63 64 
103 104 105 106 107 108 109 110 

maxlen : 9
56 57 58 59 60 61 62 63 64 

for length : 8 
103 104 105 106 107 108 109 110 

MODEL       15
minimum length of a string : 5
10 11 12 13 14 15 16 
19 20 21 22 23 24 25 26 27 28 29 
121 122 123 124 125 126 127 

maxlen : 11
19 20 21 22 23 24 25 26 27 28 29 

for length : 8 

MODEL       16
minimum length of a string : 5
9 10 11 12 13 14 15 16 
19 20 21 22 23 24 25 26 27 28 29 
39 40 41 42 43 44 
54 55 56 57 58 59 60 61 62 
99 100 101 102 103 104 105 106 107 

maxlen : 11
19 20 21 22 23 24 25 26 27 28 29 

for length : 8 
9 10 11 12 13 14 15 16 

MODEL       17
minimum length of a string : 5
19 20 21 22 23 24 25 26 
106 107 108 109 110 111 

maxlen : 8
19 20 21 22 23 24 25 26 

for length : 8 
19 20 21 22 23 24 25 26 

MODEL       18
minimum length of a string : 5
19 20 21 22 23 24 25 
38 39 40 41 42 43 44 45 46 47 48 

maxlen : 11
38 39 40 41 42 43 44 45 46 47 48 

for length : 8 

MODEL       19
minimum length of a string : 5
8 9 10 11 12 13 14 15 16 17 
71 72 73 74 75 76 
117 118 119 120 121 122 123 124 125 126 127 

maxlen : 11
117 118 119 120 121 122 123 124 125 126 127 

for length : 8 

MODEL       20
minimum length of a string : 5
14 15 16 17 18 19 20 
22 23 24 25 26 27 28 29 
38 39 40 41 42 43 
55 56 57 58 59 60 
103 104 105 106 107 108 109 110 111 112 113 

maxlen : 11
103 104 105 106 107 108 109 110 111 112 113 

for length : 8 
22 23 24 25 26 27 28 29 

MODEL       21
minimum length of a string : 5
36 37 38 39 40 41 42 43 44 
54 55 56 57 58 59 60 61 62 63 64 
119 120 121 122 123 124 125 126 

maxlen : 11
54 55 56 57 58 59 60 61 62 63 64 

for length : 8 
119 120 121 122 123 124 125 126 

MODEL       22
minimum length of a string : 5
36 37 38 39 40 41 42 43 44 45 46 47 48 49 50 51 52 
54 55 56 57 58 59 60 61 
106 107 108 109 110 111 112 113 114 115 
119 120 121 122 123 124 125 126 

maxlen : 17
36 37 38 39 40 41 42 43 44 45 46 47 48 49 50 51 52 

for length : 8 
54 55 56 57 58 59 60 61 
119 120 121 122 123 124 125 126 

MODEL       23
minimum length of a string : 5
15 16 17 18 19 20 21 
38 39 40 41 42 43 44 45 
55 56 57 58 59 60 
117 118 119 120 121 122 123 124 125 126 

maxlen : 10
117 118 119 120 121 122 123 124 125 126 

for length : 8 
38 39 40 41 42 43 44 45 

MODEL       24
minimum length of a string : 5
19 20 21 22 23 24 25 26 27 28 29 
36 37 38 39 40 41 42 43 44 45 46 47 48 
57 58 59 60 61 62 63 64 
96 97 98 99 100 101 
105 106 107 108 109 110 111 112 113 114 115 
117 118 119 120 121 122 123 124 125 126 127 

maxlen : 13
36 37 38 39 40 41 42 43 44 45 46 47 48 

for length : 8 
57 58 59 60 61 62 63 64 

MODEL       25
minimum length of a string : 5
18 19 20 21 22 23 24 25 26 27 28 
57 58 59 60 61 62 
103 104 105 106 107 108 109 110 111 
117 118 119 120 121 122 123 124 

maxlen : 11
18 19 20 21 22 23 24 25 26 27 28 

for length : 8 
117 118 119 120 121 122 123 124 

MODEL       26
minimum length of a string : 5
22 23 24 25 26 27 28 29 
52 53 54 55 56 57 58 59 60 61 
122 123 124 125 126 127 

maxlen : 10
52 53 54 55 56 57 58 59 60 61 

for length : 8 
22 23 24 25 26 27 28 29 

MODEL       27
minimum length of a string : 5
23 24 25 26 27 28 29 
38 39 40 41 42 43 44 
54 55 56 57 58 59 60 61 62 63 64 
117 118 119 120 121 122 123 124 125 126 127 

maxlen : 11
54 55 56 57 58 59 60 61 62 63 64 
117 118 119 120 121 122 123 124 125 126 127 

for length : 8 

MODEL       28
minimum length of a string : 5
9 10 11 12 13 14 15 16 17 
22 23 24 25 26 27 28 29 
39 40 41 42 43 44 45 
85 86 87 88 89 90 
117 118 119 120 121 122 123 124 125 126 

maxlen : 10
117 118 119 120 121 122 123 124 125 126 

for length : 8 
22 23 24 25 26 27 28 29 

MODEL       29
minimum length of a string : 5
20 21 22 23 24 25 26 27 
71 72 73 74 75 76 
96 97 98 99 100 101 102 103 104 105 106 107 108 109 110 111 
117 118 119 120 121 122 123 124 125 126 127 

maxlen : 16
96 97 98 99 100 101 102 103 104 105 106 107 108 109 110 111 

for length : 8 
20 21 22 23 24 25 26 27 

MODEL       30
minimum length of a string : 5
54 55 56 57 58 59 60 61 62 63 64 
103 104 105 106 107 108 109 110 111 112 113 114 115 
117 118 119 120 121 122 123 124 125 126 

maxlen : 13
103 104 105 106 107 108 109 110 111 112 113 114 115 

for length : 8 

MODEL       31
minimum length of a string : 5
23 24 25 26 27 28 
41 42 43 44 45 46 47 48 
54 55 56 57 58 59 60 61 62 63 64 
70 71 72 73 74 75 76 
104 105 106 107 108 109 110 111 112 113 114 115 
117 118 119 120 121 122 

maxlen : 12
104 105 106 107 108 109 110 111 112 113 114 115 

for length : 8 
41 42 43 44 45 46 47 48 

MODEL       32
minimum length of a string : 5
8 9 10 11 12 13 14 15 16 17 
20 21 22 23 24 25 26 27 28 29 
118 119 120 121 122 123 124 125 126 127 

maxlen : 10
8 9 10 11 12 13 14 15 16 17 
20 21 22 23 24 25 26 27 28 29 
118 119 120 121 122 123 124 125 126 127 

for length : 8 

MODEL       33
minimum length of a string : 5
7 8 9 10 11 12 13 14 15 16 17 
19 20 21 22 23 24 25 26 27 28 29 
43 44 45 46 47 48 49 
51 52 53 54 55 56 57 58 59 60 61 62 63 64 
66 67 68 69 70 71 72 73 74 75 
103 104 105 106 107 108 109 110 111 
117 118 119 120 121 122 123 124 125 126 127 

maxlen : 14
51 52 53 54 55 56 57 58 59 60 61 62 63 64 

for length : 8 

MODEL       34
minimum length of a string : 5
11 12 13 14 15 16 17 18 19 20 21 22 23 24 25 26 27 28 29 
48 49 50 51 52 53 54 55 56 
69 70 71 72 73 74 75 76 
103 104 105 106 107 108 109 110 111 112 113 114 115 
119 120 121 122 123 124 125 126 127 

maxlen : 19
11 12 13 14 15 16 17 18 19 20 21 22 23 24 25 26 27 28 29 

for length : 8 
69 70 71 72 73 74 75 76 

MODEL       35
minimum length of a string : 5
7 8 9 10 11 12 13 14 15 16 17 18 19 20 21 22 23 
43 44 45 46 47 48 49 50 51 52 
54 55 56 57 58 59 60 61 62 63 
103 104 105 106 107 108 109 110 111 112 113 

maxlen : 17
7 8 9 10 11 12 13 14 15 16 17 18 19 20 21 22 23 

for length : 8 

MODEL       36
minimum length of a string : 5
12 13 14 15 16 17 
20 21 22 23 24 25 26 27 28 29 
56 57 58 59 60 61 62 63 
104 105 106 107 108 109 110 
117 118 119 120 121 122 123 124 125 126 127 

maxlen : 11
117 118 119 120 121 122 123 124 125 126 127 

for length : 8 
56 57 58 59 60 61 62 63 

MODEL       37
minimum length of a string : 5
16 17 18 19 20 21 22 23 24 25 26 27 28 29 
36 37 38 39 40 41 
83 84 85 86 87 88 89 
96 97 98 99 100 101 
103 104 105 106 107 108 109 110 111 112 

maxlen : 14
16 17 18 19 20 21 22 23 24 25 26 27 28 29 

for length : 8 

MODEL       38
minimum length of a string : 5
19 20 21 22 23 24 25 26 27 28 29 
69 70 71 72 73 74 
103 104 105 106 107 108 109 110 111 
117 118 119 120 121 122 123 124 125 126 127 

maxlen : 11
19 20 21 22 23 24 25 26 27 28 29 
117 118 119 120 121 122 123 124 125 126 127 

for length : 8 

MODEL       39
minimum length of a string : 5
10 11 12 13 14 15 16 17 
38 39 40 41 42 43 44 45 46 47 48 
106 107 108 109 110 111 112 113 

maxlen : 11
38 39 40 41 42 43 44 45 46 47 48 

for length : 8 
10 11 12 13 14 15 16 17 
106 107 108 109 110 111 112 113 

MODEL       40
minimum length of a string : 5
7 8 9 10 11 12 13 14 15 16 17 18 19 20 
43 44 45 46 47 48 
53 54 55 56 57 58 59 60 61 62 63 64 
68 69 70 71 72 73 74 75 
103 104 105 106 107 108 109 

maxlen : 14
7 8 9 10 11 12 13 14 15 16 17 18 19 20 

for length : 8 
68 69 70 71 72 73 74 75 

MODEL       41
minimum length of a string : 5
18 19 20 21 22 23 24 25 26 27 28 29 
36 37 38 39 40 41 42 
54 55 56 57 58 59 60 61 
103 104 105 106 107 108 109 110 111 112 113 114 
117 118 119 120 121 122 123 124 

maxlen : 12
18 19 20 21 22 23 24 25 26 27 28 29 
103 104 105 106 107 108 109 110 111 112 113 114 

for length : 8 
54 55 56 57 58 59 60 61 
117 118 119 120 121 122 123 124 

MODEL       42
minimum length of a string : 5
20 21 22 23 24 25 26 27 28 29 
67 68 69 70 71 72 
117 118 119 120 121 122 123 124 125 126 127 

maxlen : 11
117 118 119 120 121 122 123 124 125 126 127 

for length : 8 

MODEL       43
minimum length of a string : 5
19 20 21 22 23 24 25 26 
33 34 35 36 37 38 39 40 41 42 43 44 
109 110 111 112 113 114 115 
121 122 123 124 125 126 

maxlen : 12
33 34 35 36 37 38 39 40 41 42 43 44 

for length : 8 
19 20 21 22 23 24 25 26 

MODEL       44
minimum length of a string : 5
17 18 19 20 21 22 23 24 25 26 
47 48 49 50 51 52 
54 55 56 57 58 59 60 61 62 63 64 
103 104 105 106 107 108 109 110 111 
117 118 119 120 121 122 123 124 125 126 

maxlen : 11
54 55 56 57 58 59 60 61 62 63 64 

for length : 8 

MODEL       45
minimum length of a string : 5
20 21 22 23 24 25 26 27 28 29 
43 44 45 46 47 48 
69 70 71 72 73 74 75 76 
104 105 106 107 108 109 110 
119 120 121 122 123 124 125 126 

maxlen : 10
20 21 22 23 24 25 26 27 28 29 

for length : 8 
69 70 71 72 73 74 75 76 
119 120 121 122 123 124 125 126 

MODEL       46
minimum length of a string : 5
9 10 11 12 13 14 15 16 17 
19 20 21 22 23 24 25 26 27 28 
32 33 34 35 36 37 38 39 40 41 42 43 44 45 46 47 48 
58 59 60 61 62 63 64 
68 69 70 71 72 73 74 75 76 
106 107 108 109 110 111 112 

maxlen : 17
32 33 34 35 36 37 38 39 40 41 42 43 44 45 46 47 48 

for length : 8 

MODEL       47
minimum length of a string : 5
35 36 37 38 39 40 41 42 43 44 45 
55 56 57 58 59 60 61 62 63 64 
109 110 111 112 113 114 
121 122 123 124 125 126 127 

maxlen : 11
35 36 37 38 39 40 41 42 43 44 45 

for length : 8 

MODEL       48
minimum length of a string : 5
9 10 11 12 13 14 15 16 17 18 19 20 21 22 23 24 25 26 27 28 29 
36 37 38 39 40 41 42 43 44 45 46 
55 56 57 58 59 60 61 62 
69 70 71 72 73 74 75 76 
97 98 99 100 101 102 103 104 105 106 107 108 109 
122 123 124 125 126 127 

maxlen : 21
9 10 11 12 13 14 15 16 17 18 19 20 21 22 23 24 25 26 27 28 29 

for length : 8 
55 56 57 58 59 60 61 62 
69 70 71 72 73 74 75 76 

MODEL       49
minimum length of a string : 5
7 8 9 10 11 12 13 14 
19 20 21 22 23 24 25 26 27 28 
31 32 33 34 35 36 37 38 39 40 41 42 43 44 45 46 47 48 
96 97 98 99 100 101 
103 104 105 106 107 108 109 110 111 112 113 114 
117 118 119 120 121 122 123 124 125 126 

maxlen : 18
31 32 33 34 35 36 37 38 39 40 41 42 43 44 45 46 47 48 

for length : 8 
7 8 9 10 11 12 13 14 

MODEL       50
minimum length of a string : 5
17 18 19 20 21 22 23 
33 34 35 36 37 38 39 40 41 
43 44 45 46 47 48 49 50 
104 105 106 107 108 109 110 111 112 113 114 
117 118 119 120 121 122 123 124 125 126 127 

maxlen : 11
104 105 106 107 108 109 110 111 112 113 114 
117 118 119 120 121 122 123 124 125 126 127 

for length : 8 
43 44 45 46 47 48 49 50 

MODEL       51
minimum length of a string : 5
32 33 34 35 36 37 38 39 
103 104 105 106 107 108 109 110 111 112 
119 120 121 122 123 124 125 126 127 

maxlen : 10
103 104 105 106 107 108 109 110 111 112 

for length : 8 
32 33 34 35 36 37 38 39 

MODEL       52
minimum length of a string : 5
8 9 10 11 12 13 14 15 16 17 
19 20 21 22 23 24 25 26 27 28 29 
31 32 33 34 35 36 37 38 39 40 41 42 43 44 45 46 47 48 49 50 51 52 53 54 
56 57 58 59 60 61 
103 104 105 106 107 108 109 110 
121 122 123 124 125 126 

maxlen : 24
31 32 33 34 35 36 37 38 39 40 41 42 43 44 45 46 47 48 49 50 51 52 53 54 

for length : 8 
103 104 105 106 107 108 109 110 

MODEL       53
minimum length of a string : 5
8 9 10 11 12 13 14 15 16 17 18 19 20 21 22 23 24 25 26 
34 35 36 37 38 39 40 
42 43 44 45 46 47 48 
54 55 56 57 58 59 
96 97 98 99 100 101 102 103 104 105 106 107 108 109 110 111 112 113 114 115 

maxlen : 20
96 97 98 99 100 101 102 103 104 105 106 107 108 109 110 111 112 113 114 115 

for length : 8 

MODEL       54
minimum length of a string : 5
19 20 21 22 23 24 25 26 27 28 29 
51 52 53 54 55 56 57 58 
68 69 70 71 72 73 74 75 76 
96 97 98 99 100 101 

maxlen : 11
19 20 21 22 23 24 25 26 27 28 29 

for length : 8 
51 52 53 54 55 56 57 58 

MODEL       55
minimum length of a string : 5
19 20 21 22 23 24 25 26 27 28 29 
50 51 52 53 54 55 56 57 58 59 60 61 62 63 64 
102 103 104 105 106 107 108 109 110 111 112 113 114 115 

maxlen : 15
50 51 52 53 54 55 56 57 58 59 60 61 62 63 64 

for length : 8 

MODEL       56
minimum length of a string : 5
23 24 25 26 27 28 29 
31 32 33 34 35 36 37 38 39 40 41 42 43 44 45 46 47 48 49 
67 68 69 70 71 72 73 74 75 76 
102 103 104 105 106 107 108 109 110 111 
117 118 119 120 121 122 123 124 125 126 127 

maxlen : 19
31 32 33 34 35 36 37 38 39 40 41 42 43 44 45 46 47 48 49 

for length : 8 

MODEL       57
minimum length of a string : 5
20 21 22 23 24 25 26 27 28 29 
42 43 44 45 46 47 
55 56 57 58 59 60 61 62 
108 109 110 111 112 113 114 115 
117 118 119 120 121 122 123 124 125 126 

maxlen : 10
20 21 22 23 24 25 26 27 28 29 
117 118 119 120 121 122 123 124 125 126 

for length : 8 
55 56 57 58 59 60 61 62 
108 109 110 111 112 113 114 115 

MODEL       58
minimum length of a string : 5
7 8 9 10 11 12 13 14 15 
21 22 23 24 25 26 27 28 29 
54 55 56 57 58 59 60 61 
104 105 106 107 108 109 
117 118 119 120 121 122 123 124 125 

maxlen : 9
7 8 9 10 11 12 13 14 15 
21 22 23 24 25 26 27 28 29 
117 118 119 120 121 122 123 124 125 

for length : 8 
54 55 56 57 58 59 60 61 

MODEL       59
minimum length of a string : 5
19 20 21 22 23 24 25 26 27 28 29 
58 59 60 61 62 63 64 
99 100 101 102 103 104 
117 118 119 120 121 122 123 124 125 126 

maxlen : 11
19 20 21 22 23 24 25 26 27 28 29 

for length : 8 

MODEL       60
minimum length of a string : 5
7 8 9 10 11 12 13 14 
20 21 22 23 24 25 26 27 28 29 
70 71 72 73 74 75 76 
97 98 99 100 101 102 

maxlen : 10
20 21 22 23 24 25 26 27 28 29 

for length : 8 
7 8 9 10 11 12 13 14 

MODEL       61
minimum length of a string : 5
103 104 105 106 107 108 109 110 111 

maxlen : 9
103 104 105 106 107 108 109 110 111 

for length : 8 

MODEL       62
minimum length of a string : 5
19 20 21 22 23 24 25 26 27 28 29 
32 33 34 35 36 37 38 39 40 41 42 43 44 45 46 47 48 49 50 51 
58 59 60 61 62 63 64 
70 71 72 73 74 75 
110 111 112 113 114 115 
118 119 120 121 122 123 124 125 126 127 

maxlen : 20
32 33 34 35 36 37 38 39 40 41 42 43 44 45 46 47 48 49 50 51 

for length : 8 

MODEL       63
minimum length of a string : 5
10 11 12 13 14 15 16 17 
19 20 21 22 23 24 
34 35 36 37 38 39 40 41 42 43 
57 58 59 60 61 62 
67 68 69 70 71 72 73 74 75 76 
109 110 111 112 113 114 115 

maxlen : 10
34 35 36 37 38 39 40 41 42 43 
67 68 69 70 71 72 73 74 75 76 

for length : 8 
10 11 12 13 14 15 16 17 

MODEL       64
minimum length of a string : 5
19 20 21 22 23 24 25 26 27 28 29 
35 36 37 38 39 40 41 
58 59 60 61 62 63 
68 69 70 71 72 73 74 75 
121 122 123 124 125 126 

maxlen : 11
19 20 21 22 23 24 25 26 27 28 29 

for length : 8 
68 69 70 71 72 73 74 75 

